310, 2.87, 2, 2.87, -1.35, -9.74
384, 1.27, 3, 2.87, -2.15, -10.06
459, 1.65, 2, 2.87, -1.99, -9.85
533, 1.41, 3, 2.87, -2.23, -9.65
607, 1.32, 3, 2.87, -2.04, -9.90
681, 1.41, 3, 2.87, -1.85, -9.90
755, 1.32, 3, 2.87, -2.08, -9.79
828, 0.97, 3, 2.87, -2.14, -9.81
903, 0.91, 3, 2.87, -2.28, -9.86
977, 1.71, 2, 2.87, -1.65, -9.73
1051, 1.62, 2, 2.87, -1.62, -9.83
1125, 1.17, 3, 2.87, -1.92, -9.78
1199, 1.29, 3, 2.87, -2.03, -9.92
1273, 1.38, 3, 2.87, -2.01, -9.89
1348, 1.19, 3, 2.87, -2.03, -9.83
1424, 0.99, 3, 2.87, -2.29, -9.75
1498, 1.11, 3, 2.87, -2.34, -9.80
1573, 1.34, 3, 2.87, -2.02, -9.98
1647, 1.10, 3, 2.87, -2.10, -9.77
1721, 1.10, 3, 2.87, -2.08, -9.69
1797, 0.72, 0, 2.87, -2.23, -9.78
1872, 1.21, 3, 2.87, -1.98, -9.92
1946, 1.32, 3, 2.87, -1.96, -9.92
2020, 1.33, 3, 2.87, -2.18, -9.76
2094, 1.25, 3, 2.87, -2.25, -9.79
2169, 1.74, 2, 2.87, -2.17, -9.79
2243, 1.86, 2, 2.87, -1.88, -9.76
2317, 5.47, 2, 5.47, -2.31, -9.88
2391, 1.58, 3, 5.47, -2.28, -9.75
2466, 1.83, 3, 5.47, -1.94, -9.76
2543, 1.85, 3, 5.47, -2.18, -10.07
2617, 3.52, 2, 5.47, -2.71, -10.16
2691, 0.69, 0, 5.47, -1.73, -9.42
2766, 2.10, 3, 5.47, -2.19, -9.71
2840, 1.95, 3, 5.47, -1.76, -9.75
2914, 1.96, 3, 5.47, -2.30, -9.60
2988, 1.83, 3, 5.47, -2.35, -9.64
3062, 2.28, 3, 5.47, -2.00, -9.60
3137, 2.38, 3, 5.47, -1.83, -9.62
3210, 2.85, 2, 5.47, -1.70, -9.56
3285, 2.60, 3, 5.47, -2.16, -9.37
3359, 2.46, 3, 5.47, -2.30, -9.58
3434, 2.54, 3, 5.47, -1.71, -9.51
3507, 2.63, 3, 5.47, -1.64, -9.70
3584, 2.10, 3, 5.47, -2.01, -9.52
3659, 1.94, 3, 5.47, -2.23, -9.76
3733, 2.33, 3, 5.47, -1.84, -9.83
3807, 2.15, 3, 5.47, -1.59, -9.57
3881, 1.94, 3, 5.47, -1.87, -9.74
3956, 1.81, 3, 5.47, -2.05, -9.64
4034, 2.27, 3, 5.47, -1.61, -9.58
4109, 2.01, 3, 5.47, -1.92, -9.64
4183, 1.95, 3, 5.47, -2.08, -9.91
4258, 2.41, 3, 5.47, -1.71, -9.60
4332, 2.13, 3, 5.47, -1.88, -9.70
4406, 2.34, 3, 5.47, -1.50, -9.48
4480, 2.04, 3, 5.47, -1.93, -9.68
4555, 1.92, 3, 5.47, -1.96, -9.79
4629, 2.20, 3, 5.47, -1.97, -9.53
4705, 2.01, 3, 5.47, -1.94, -9.67
4780, 1.85, 3, 5.47, -1.93, -9.94
4854, 1.85, 3, 5.47, -1.33, -9.91
4929, 3.65, 2, 5.47, -1.14, -10.72
5002, 1.49, 3, 5.47, -1.67, -10.25
5077, 1.57, 3, 5.47, -1.85, -10.16
5151, 1.88, 3, 5.47, -1.66, -9.61
5226, 1.61, 3, 5.47, -1.77, -9.66
5299, 3.11, 2, 5.47, -1.18, -9.98
5374, 1.62, 3, 5.47, -1.28, -9.63
5448, 2.00, 3, 5.47, -1.58, -9.66
5522, 1.91, 3, 5.47, -1.62, -9.82
5596, 2.06, 3, 5.47, -1.47, -9.86
5670, 2.26, 3, 5.47, -1.19, -9.71
5748, 2.09, 3, 5.47, -1.45, -9.79
5821, 1.78, 3, 5.47, -1.46, -9.85
5896, 1.92, 3, 5.47, -1.43, -9.78
5970, 1.64, 3, 5.47, -1.10, -9.88
6045, 1.98, 3, 5.47, -0.84, -9.79
6118, 1.97, 3, 5.47, -1.12, -9.63
6192, 1.98, 3, 5.47, -1.34, -9.97
6271, 2.19, 3, 5.47, -0.96, -9.71
6347, 2.18, 3, 5.47, -1.34, -9.86
6421, 1.56, 3, 5.47, -1.83, -9.75
6495, 1.47, 3, 5.47, -1.24, -9.56
6569, 1.56, 3, 5.47, -1.19, -10.27
6644, 1.51, 3, 5.47, -0.67, -10.15
6719, 1.66, 3, 5.47, -0.48, -9.62
6792, 1.79, 3, 5.47, -0.54, -9.44
6869, 1.76, 3, 5.47, -1.50, -10.40
6944, 1.84, 3, 5.47, -1.79, -10.24
7018, 1.75, 3, 5.47, -1.39, -9.98
7092, 1.49, 3, 5.47, -0.94, -9.89
7166, 1.44, 3, 5.47, -0.65, -9.95
7241, 1.88, 3, 5.47, -0.72, -9.87
7314, 1.91, 3, 5.47, -0.47, -9.52
7389, 1.86, 3, 5.47, -0.62, -9.69
7463, 2.02, 3, 5.47, -0.92, -9.55
7538, 2.26, 3, 5.47, -1.20, -9.76
7611, 1.97, 3, 5.47, -1.03, -9.65
7686, 1.98, 3, 5.47, -0.56, -10.10
7760, 1.89, 3, 5.47, -0.59, -10.26
7835, 1.94, 3, 5.47, -1.03, -10.09
7908, 2.34, 3, 5.47, -0.93, -9.63
7985, 2.09, 3, 5.47, -1.74, -10.22
8060, 2.10, 3, 5.47, -1.19, -9.91
8134, 1.40, 3, 5.47, -0.28, -9.34
8207, 2.66, 3, 5.47, -0.40, -9.25
8282, 2.10, 3, 5.47, -0.52, -9.67
8356, 2.40, 3, 5.47, -1.04, -9.97
8430, 2.90, 2, 5.47, -1.57, -9.86
8507, 2.67, 3, 5.47, -1.97, -10.18
8583, 2.09, 3, 5.47, -1.28, -9.89
8658, 1.99, 3, 5.47, -1.00, -9.62
8732, 1.95, 3, 5.47, -0.80, -9.64
8805, 1.95, 3, 5.47, -0.75, -9.75
8880, 2.06, 3, 5.47, -1.29, -9.53
8954, 2.08, 3, 5.47, -1.46, -9.83
9031, 2.00, 3, 5.47, -1.74, -9.74
9104, 2.05, 3, 5.47, -1.60, -9.74
9178, 2.33, 3, 5.47, -1.55, -9.62
9253, 2.18, 3, 5.47, -1.49, -9.70
9327, 2.24, 3, 5.47, -1.73, -9.71
9400, 2.38, 3, 5.47, -1.90, -9.54
9475, 2.35, 3, 5.47, -2.26, -9.61
9549, 2.47, 3, 5.47, -2.45, -9.52
9623, 2.33, 3, 5.47, -2.66, -9.41
9697, 2.15, 3, 5.47, -2.34, -9.44
9771, 1.74, 3, 5.47, -2.61, -9.67
9845, 1.72, 3, 5.47, -2.43, -9.61
9920, 1.78, 3, 5.47, -2.11, -9.69
9993, 1.67, 3, 5.47, -2.06, -9.70
10067, 1.41, 3, 5.47, -2.17, -9.54
10145, 1.02, 3, 5.47, -2.59, -9.89
10219, 0.91, 3, 5.47, -2.25, -10.03
10293, 1.03, 3, 5.47, -2.33, -10.06
10367, 0.60, 0, 5.47, -2.12, -9.74
10442, 0.75, 3, 5.47, -2.08, -9.75
10516, 0.43, 0, 5.47, -2.43, -10.10
10590, 0.44, 0, 5.47, -2.27, -10.13
10664, 0.45, 0, 5.47, -2.32, -9.99
10739, 0.40, 0, 5.47, -2.63, -9.93
10819, 0.38, 0, 5.47, -2.33, -9.92
10892, 0.34, 0, 5.47, -2.50, -9.99
10967, 0.29, 0, 5.47, -2.11, -9.95
11041, 0.10, 0, 5.47, -2.57, -10.15
11116, 0.06, 0, 5.47, -2.39, -10.00
11192, 0.09, 0, 5.47, -1.92, -10.14
11266, -0.23, 0, 5.47, -2.42, -10.03
11341, 0.42, 0, 5.47, -2.34, -10.10
11415, 0.36, 0, 5.47, -2.42, -9.83
11489, -0.79, 1, 5.47, -2.13, -9.50
11563, -0.72, 0, 5.47, -2.03, -10.85
11638, 2.65, 3, 5.47, -2.00, -10.19
11713, 3.78, 2, 5.47, -3.14, -8.72
11786, 2.35, 3, 5.47, -2.46, -8.75
11861, 2.28, 3, 5.47, -2.03, -9.57
11935, 3.15, 2, 5.47, -1.78, -9.60
12010, 3.00, 2, 5.47, -2.28, -9.37
12083, 2.52, 3, 5.47, -2.44, -9.78
12324, 3.95, 2, 5.47, -2.24, -9.23
12401, 3.64, 2, 5.47, -1.85, -9.27
12475, 3.43, 2, 5.47, -2.35, -8.87
12549, 3.58, 2, 5.47, -2.03, -9.33
12624, 3.60, 2, 5.47, -2.05, -9.34
12698, 3.56, 2, 5.47, -2.14, -9.32
12772, 3.24, 2, 5.47, -2.12, -9.32
12846, 4.21, 2, 5.47, -2.22, -8.75
12921, 1.70, 3, 5.47, -1.95, -9.74
12995, 1.88, 3, 5.47, -1.73, -9.85
13069, 1.78, 3, 5.47, -2.09, -9.99
13143, 1.69, 3, 5.47, -2.34, -9.84
13223, 2.20, 3, 5.47, -1.86, -9.84
13298, 3.93, 2, 5.47, -2.71, -10.27
13371, 3.61, 2, 5.47, -2.20, -8.60
13448, 1.88, 3, 5.47, -2.35, -9.58
13523, 3.21, 2, 5.47, -1.85, -9.20
13597, 3.49, 2, 5.47, -1.85, -9.40
13671, 2.99, 2, 5.47, -2.40, -9.28
13745, 2.76, 2, 5.47, -2.44, -9.40
13820, 3.40, 2, 5.47, -1.88, -9.36
13894, 3.40, 2, 5.47, -2.13, -9.22
13968, 3.08, 2, 5.47, -2.20, -9.40
14042, 3.03, 2, 5.47, -2.26, -9.38
14117, 3.20, 2, 5.47, -2.03, -9.28
14191, 4.01, 2, 5.47, -1.94, -9.09
14265, 4.25, 2, 5.47, -2.62, -8.76
14339, 4.27, 2, 5.47, -1.97, -8.92
14413, 4.01, 2, 5.47, -1.96, -9.13
14491, 3.77, 2, 5.47, -2.24, -9.11
14564, 4.02, 2, 5.47, -2.16, -9.07
14639, 4.64, 2, 5.47, -2.19, -8.93
14713, 5.71, 2, 5.71, -2.26, -8.63
14788, 7.47, 2, 7.47, -2.15, -7.99
14861, 7.95, 2, 7.95, -2.13, -7.76
14936, 8.54, 2, 8.54, -2.06, -7.28
15010, 9.10, 2, 9.10, -2.06, -6.31
15085, 9.00, 2, 9.10, -2.47, -7.09
15158, 9.94, 2, 9.94, -2.04, -5.82
15233, 8.90, 2, 9.94, -1.71, -7.04
15307, 9.44, 2, 9.94, -2.12, -7.23
15382, 8.46, 2, 9.94, -2.04, -7.10
15460, 7.73, 2, 9.94, -2.62, -7.58
15538, 8.63, 2, 9.94, -2.25, -7.14
15612, 8.11, 2, 9.94, -2.24, -7.59
15687, 8.04, 2, 9.94, -2.37, -7.92
15760, 8.06, 2, 9.94, -2.26, -7.84
15835, 8.21, 2, 9.94, -2.15, -7.90
15909, 8.15, 2, 9.94, -1.92, -7.84
15984, 7.68, 2, 9.94, -1.85, -7.73
16057, 7.39, 2, 9.94, -2.33, -7.70
16132, 8.11, 2, 9.94, -2.06, -7.18
16206, 7.46, 2, 9.94, -2.14, -7.58
16281, 7.55, 2, 9.94, -1.92, -7.97
16354, 7.38, 2, 9.94, -2.08, -7.77
16429, 7.23, 2, 9.94, -2.84, -7.69
16503, 8.38, 2, 9.94, -2.22, -7.91
16578, 7.84, 2, 9.94, -1.99, -7.65
16654, 7.52, 2, 9.94, -1.73, -7.49
16728, 8.39, 2, 9.94, -1.50, -7.21
16802, 6.90, 2, 9.94, -2.47, -7.56
16877, 7.41, 2, 9.94, -2.00, -7.83
16950, 7.54, 2, 9.94, -2.39, -8.02
17024, 7.94, 2, 9.94, -1.40, -7.49
17099, 6.94, 2, 9.94, -2.13, -7.64
17173, 7.47, 2, 9.94, -1.69, -7.73
17247, 6.91, 2, 9.94, -1.71, -7.84
17321, 6.45, 2, 9.94, -2.58, -7.85
17395, 5.98, 2, 9.94, -2.27, -7.42
17469, 5.39, 2, 9.94, -2.47, -8.43
17543, 5.23, 2, 9.94, -2.75, -8.75
17617, 4.18, 3, 9.94, -2.63, -8.84
17700, 5.21, 2, 9.94, -3.16, -9.10
17774, 6.34, 2, 9.94, -2.49, -8.67
17847, 5.11, 2, 9.94, -2.09, -8.50
17922, 5.63, 2, 9.94, -2.19, -8.28
17996, 5.94, 2, 9.94, -2.06, -8.16
18071, 5.89, 2, 9.94, -2.27, -8.28
18144, 6.25, 2, 9.94, -2.69, -8.30
18218, 6.15, 2, 9.94, -2.62, -8.25
18293, 5.88, 2, 9.94, -2.31, -8.38
18367, 6.85, 2, 9.94, -2.14, -8.55
18440, 6.66, 2, 9.94, -2.16, -8.50
18515, 5.50, 2, 9.94, -2.41, -8.06
18589, 5.95, 2, 9.94, -2.00, -8.18
18663, 5.56, 2, 9.94, -2.01, -8.05
18740, 5.89, 2, 9.94, -2.35, -8.30
18814, 5.35, 2, 9.94, -0.38, -6.31
18889, 5.69, 2, 9.94, -1.87, -8.16
18962, 5.79, 2, 9.94, -0.98, -7.21
19037, 5.57, 2, 9.94, -2.63, -8.74
19111, 6.39, 2, 9.94, -2.87, -8.22
19186, 6.06, 2, 9.94, -1.90, -8.45
19259, 5.58, 2, 9.94, -2.08, -8.51
19334, 5.68, 2, 9.94, -2.86, -8.47
19408, 5.98, 2, 9.94, -2.60, -7.96
19483, 6.30, 2, 9.94, -2.83, -8.78
19556, 5.47, 2, 9.94, -2.54, -7.53
19631, 5.74, 2, 9.94, -3.02, -8.34
19705, 5.60, 2, 9.94, -3.89, -8.29
19782, 5.50, 2, 9.94, -3.67, -8.44
19856, 5.43, 2, 9.94, -3.06, -8.44
19936, 5.89, 2, 9.94, -2.91, -8.06
20010, 5.76, 2, 9.94, -2.17, -8.52
20085, 4.63, 3, 9.94, -2.99, -7.11
20159, 5.58, 2, 9.94, -1.42, -8.88
20233, 2.66, 3, 9.94, -7.81, -8.26
20307, 6.01, 2, 9.94, -2.12, -8.58
20382, 7.15, 2, 9.94, -2.09, -8.91
20455, 5.20, 2, 9.94, -3.02, -7.93
20530, 6.08, 2, 9.94, -2.57, -7.90
20604, 5.76, 2, 9.94, -1.86, -8.14
20679, 5.57, 2, 9.94, -2.88, -9.12
20752, 6.01, 2, 9.94, -2.44, -7.52
20827, 6.31, 2, 9.94, -2.06, -8.93
20904, 5.20, 2, 9.94, -2.57, -7.88
20978, 6.39, 2, 9.94, -2.30, -8.97
21052, 3.67, 3, 9.94, 0.76, -5.89
21126, 5.15, 2, 9.94, -2.28, -8.77
21201, 5.43, 2, 9.94, -3.74, -8.84
21275, 5.80, 2, 9.94, -3.35, -8.26
21349, 5.81, 2, 9.94, -2.57, -8.70
21423, 5.11, 2, 9.94, -2.79, -8.30
21498, 5.20, 2, 9.94, -2.81, -8.76
21572, 5.45, 2, 9.94, -3.03, -8.44
21646, 4.61, 3, 9.94, -2.46, -7.61
21720, 4.87, 3, 9.94, -3.08, -9.17
21795, 4.50, 3, 9.94, -3.03, -8.79
21869, 4.32, 3, 9.94, -2.32, -9.04
21945, 4.31, 3, 9.94, -2.92, -9.21
22020, 4.21, 3, 9.94, -2.80, -9.15
22094, 5.13, 2, 9.94, -1.70, -8.35
22174, 5.40, 2, 9.94, -2.06, -8.05
22249, 5.04, 2, 9.94, -3.20, -8.27
22322, 4.31, 3, 9.94, -3.54, -8.30
22397, 5.31, 2, 9.94, -2.85, -8.42
22471, 4.92, 3, 9.94, -2.75, -8.21
22545, 5.25, 2, 9.94, -2.05, -8.12
22619, 5.18, 2, 9.94, -2.60, -8.69
22694, 5.09, 2, 9.94, -2.67, -8.88
22768, 5.51, 2, 9.94, -3.37, -8.93
22841, 5.25, 2, 9.94, -3.82, -9.68
22916, 4.77, 3, 9.94, -2.66, -8.97
22993, 3.91, 3, 9.94, -4.04, -8.02
23068, 4.10, 3, 9.94, -3.69, -8.08
23141, 4.50, 3, 9.94, -3.69, -7.71
23216, 4.67, 3, 9.94, -3.24, -8.41
23290, 4.75, 3, 9.94, -3.58, -8.18
23365, 4.24, 3, 9.94, -3.76, -8.03
23438, 4.68, 3, 9.94, -4.13, -8.24
23513, 4.82, 3, 9.94, -3.18, -8.69
23587, 5.33, 2, 9.94, -3.06, -9.05
23662, 4.81, 3, 9.94, -3.39, -9.15
23735, 4.52, 3, 9.94, -3.26, -8.89
23810, 4.40, 3, 9.94, -2.53, -7.69
23884, 4.57, 3, 9.94, -3.50, -8.50
23959, 4.43, 3, 9.94, -3.22, -8.30
24035, 4.38, 3, 9.94, -2.94, -7.90
24109, 4.25, 3, 9.94, -4.63, -7.05
24184, 5.43, 2, 9.94, -2.75, -9.11
24258, 4.71, 3, 9.94, -4.17, -9.83
24332, 4.66, 3, 9.94, -3.00, -9.43
24412, 4.54, 3, 9.94, -2.84, -8.56
24487, 3.87, 3, 9.94, -2.97, -8.41
24561, 2.87, 3, 9.94, -2.25, -9.09
24635, 1.80, 3, 9.94, -3.33, -8.13
24709, 0.61, 0, 9.94, -2.64, -9.70
24784, 0.81, 3, 9.94, -2.74, -9.97
24858, 1.79, 3, 9.94, -1.70, -10.23
24932, 0.96, 3, 9.94, -1.96, -10.44
25006, -0.17, 0, 9.94, -1.32, -8.73
25083, 0.43, 0, 9.94, -1.51, -10.02
25158, 0.73, 0, 9.94, -2.27, -10.94
25231, 0.38, 0, 9.94, -1.37, -10.31
25306, -0.21, 0, 9.94, -4.66, -11.29
25380, -0.92, 1, 9.94, -3.18, -9.80
25454, -0.49, 0, 9.94, -2.96, -10.79
25528, 0.19, 0, 9.94, -1.20, -10.00
25602, -1.11, 1, 9.94, -1.76, -11.23
25677, -0.79, 1, 9.94, -2.47, -11.88
25751, -2.15, 1, 9.94, -2.29, -11.38
25825, -0.48, 0, 9.94, -2.84, -11.78
25899, -1.18, 1, 9.94, -2.97, -10.56
25974, -2.73, 1, 9.94, -3.19, -10.47
26048, -1.77, 1, 9.94, -2.94, -11.03
26124, -1.88, 1, 9.94, -3.29, -11.70
26198, -1.52, 1, 9.94, -3.04, -12.03
26273, -0.75, 1, 9.94, -1.30, -11.70
26347, -2.49, 1, 9.94, -2.72, -10.29
26421, -6.90, 1, 9.94, -3.31, -10.89
26495, -2.98, 1, 9.94, -0.01, -9.62
26570, -3.97, 1, 9.94, -4.74, -11.06
26648, 1.63, 3, 9.94, -4.48, -10.32
26723, 0.58, 0, 9.94, -2.72, -9.36
26797, 0.31, 0, 9.94, -3.09, -10.08
26872, 0.45, 0, 9.94, -2.76, -9.63
26946, 0.05, 0, 9.94, -2.03, -9.48
27019, 0.31, 0, 9.94, -1.25, -10.07
27094, 0.38, 0, 9.94, -2.16, -10.67
27171, 0.06, 0, 9.94, -2.60, -10.94
27246, 0.95, 3, 9.94, -2.83, -10.23
27319, 1.04, 3, 9.94, -1.88, -9.96
27394, 0.84, 3, 9.94, -2.70, -10.20
27468, 0.83, 3, 9.94, -1.71, -9.78
27543, 0.54, 0, 9.94, -2.07, -10.21
27616, 0.09, 0, 9.94, -2.59, -10.03
27691, 0.47, 0, 9.94, -1.92, -10.35
27765, 0.72, 0, 9.94, -2.20, -10.21
27840, -0.53, 0, 9.94, -2.79, -10.25
27913, 0.60, 0, 9.94, -2.08, -10.41
27988, 0.68, 0, 9.94, -2.36, -9.99
28062, 0.63, 0, 9.94, -2.23, -10.11
28137, 0.47, 0, 9.94, -2.13, -10.04
28213, 0.32, 0, 9.94, -2.28, -9.97
28288, 0.51, 0, 9.94, -2.74, -9.84
28362, 0.25, 0, 9.94, -2.10, -10.76
28437, 0.35, 0, 9.94, -2.22, -10.26
28510, 0.89, 3, 9.94, -2.12, -10.50
28585, 0.98, 3, 9.94, -1.47, -10.08
28659, 1.88, 3, 9.94, -1.64, -8.63
28733, 1.13, 3, 9.94, -2.37, -9.84
28807, 0.64, 0, 9.94, -2.87, -10.07
28886, 1.35, 3, 9.94, -1.57, -9.93
28962, 1.04, 3, 9.94, -1.67, -9.51
29037, 1.51, 3, 9.94, -2.28, -10.03
29110, 1.63, 3, 9.94, -2.62, -10.62
29185, 1.23, 3, 9.94, -2.31, -9.70
29262, 1.70, 3, 9.94, -2.71, -9.50
29337, 2.61, 3, 9.94, -1.89, -9.51
29410, 3.13, 3, 9.94, -2.16, -8.70
29485, 2.60, 3, 9.94, -2.59, -9.08
29559, 2.58, 3, 9.94, -2.80, -8.74
29634, 2.77, 3, 9.94, -2.44, -9.70
29707, 2.62, 3, 9.94, -1.59, -9.12
29782, 2.23, 3, 9.94, -2.66, -9.37
29856, 2.14, 3, 9.94, -1.93, -9.59
29931, 2.25, 3, 9.94, -2.54, -9.60
30004, 2.40, 3, 9.94, -1.98, -9.52
30079, 3.03, 3, 9.94, -2.28, -9.58
30153, 3.06, 3, 9.94, -1.77, -9.47
30228, 3.61, 3, 9.94, -2.19, -9.64
30304, 3.45, 3, 9.94, -2.65, -9.78
30378, 3.06, 3, 9.94, -1.85, -9.39
30453, 3.13, 3, 9.94, -2.12, -8.96
30527, 2.66, 3, 9.94, -1.70, -8.87
30601, 3.39, 3, 9.94, -1.89, -9.73
30675, 3.32, 3, 9.94, -1.97, -8.83
30750, 3.07, 3, 9.94, -2.04, -9.09
30823, 2.84, 3, 9.94, -2.44, -9.79
30898, 3.18, 3, 9.94, -1.63, -9.24
30972, 3.55, 3, 9.94, -2.09, -9.46
31047, 3.05, 3, 9.94, -1.75, -9.19
31125, 2.76, 3, 9.94, -2.49, -9.70
31200, 3.44, 3, 9.94, -3.44, -7.94
31275, 3.33, 3, 9.94, -1.14, -8.85
31352, 4.25, 3, 9.94, -1.17, -10.03
31426, 3.69, 3, 9.94, -1.56, -10.02
31500, 3.72, 3, 9.94, -1.99, -9.35
31575, 3.32, 3, 9.94, -2.16, -9.31
31649, 3.14, 3, 9.94, -1.15, -8.82
31724, 2.66, 3, 9.94, -2.31, -8.38
31797, 2.93, 3, 9.94, -2.45, -9.37
31872, 3.44, 3, 9.94, -2.04, -9.56
31946, 2.68, 3, 9.94, -3.14, -9.09
32021, 3.25, 3, 9.94, -1.45, -9.10
32094, 2.58, 3, 9.94, -2.89, -9.65
32169, 3.61, 3, 9.94, -1.45, -9.94
32243, 3.40, 3, 9.94, -1.87, -9.57
32317, 3.62, 3, 9.94, -0.79, -9.21
32394, 3.39, 3, 9.94, -1.05, -9.31
32468, 2.59, 3, 9.94, -2.33, -9.87
32543, 2.68, 3, 9.94, -2.32, -9.52
32617, 2.69, 3, 9.94, -2.00, -9.62
32691, 2.97, 3, 9.94, -2.53, -9.56
32765, 2.73, 3, 9.94, -2.12, -8.94
32840, 3.00, 3, 9.94, -2.01, -9.41
32914, 2.81, 3, 9.94, -2.54, -9.37
32988, 3.19, 3, 9.94, -2.78, -9.06
33063, 3.30, 3, 9.94, -2.05, -9.45
33137, 2.85, 3, 9.94, -2.33, -9.54
33211, 2.87, 3, 9.94, -2.39, -9.32
33285, 3.12, 3, 9.94, -2.21, -9.21
33363, 3.37, 3, 9.94, -2.91, -9.37
33442, 3.40, 3, 9.94, -2.37, -9.08
33517, 2.85, 3, 9.94, -3.00, -9.45
33590, 3.35, 3, 9.94, -1.96, -9.14
33664, 3.77, 3, 9.94, -2.25, -9.80
33739, 3.39, 3, 9.94, -2.09, -8.72
33813, 3.60, 3, 9.94, -1.84, -9.18
33886, 3.52, 3, 9.94, -2.50, -9.45
33961, 3.11, 3, 9.94, -2.88, -9.21
34035, 3.33, 3, 9.94, -2.65, -9.49
34109, 2.97, 3, 9.94, -2.32, -9.07
34183, 3.07, 3, 9.94, -2.33, -9.54
34257, 2.98, 3, 9.94, -2.77, -9.08
34332, 3.35, 3, 9.94, -2.19, -9.23
34405, 3.18, 3, 9.94, -2.28, -9.46
34480, 3.37, 3, 9.94, -2.74, -9.59
34556, 3.19, 3, 9.94, -2.97, -9.26
34631, 3.24, 3, 9.94, -2.15, -9.24
34704, 3.04, 3, 9.94, -2.33, -9.21
34779, 2.74, 3, 9.94, -2.29, -9.42
34853, 3.14, 3, 9.94, -1.41, -8.93
34927, 3.01, 3, 9.94, -2.01, -9.25
35001, 2.80, 3, 9.94, -1.89, -8.80
35075, 3.10, 3, 9.94, -1.52, -8.52
35149, 2.62, 3, 9.94, -3.16, -9.47
35224, 2.84, 3, 9.94, -2.00, -9.75
35297, 2.21, 3, 9.94, -0.67, -9.03
35372, 3.35, 3, 9.94, -1.99, -10.28
35446, 2.52, 3, 9.94, -1.84, -9.40
35520, 2.94, 3, 9.94, -2.10, -10.15
35600, 2.80, 3, 9.94, -2.19, -9.60
35677, 2.88, 3, 9.94, -2.08, -9.39
35751, 3.28, 3, 9.94, -2.24, -10.27
35826, 3.17, 3, 9.94, -2.06, -9.75
35899, 2.67, 3, 9.94, -1.33, -9.10
35974, 2.72, 3, 9.94, -1.98, -9.81
36048, 2.84, 3, 9.94, -1.70, -9.37
36123, 2.90, 3, 9.94, -1.92, -9.34
36196, 2.73, 3, 9.94, -2.31, -9.30
36271, 2.80, 3, 9.94, -1.65, -9.46
36345, 2.80, 3, 9.94, -2.17, -9.49
36420, 2.88, 3, 9.94, -1.94, -9.42
36493, 2.31, 3, 9.94, -2.52, -9.37
36568, 2.70, 3, 9.94, -2.27, -9.66
36645, 2.62, 3, 9.94, -2.18, -9.81
36719, 2.46, 3, 9.94, -1.95, -9.15
36793, 2.72, 3, 9.94, -1.75, -9.18
36867, 2.93, 3, 9.94, -1.54, -9.42
36942, 2.39, 3, 9.94, -2.59, -9.71
37017, 2.52, 3, 9.94, -1.72, -9.63
37090, 2.67, 3, 9.94, -2.42, -9.88
37165, 2.97, 3, 9.94, -2.12, -9.27
37239, 2.93, 3, 9.94, -2.19, -9.59
37314, 2.89, 3, 9.94, -1.89, -9.45
37387, 2.96, 3, 9.94, -2.05, -9.46
37462, 2.86, 3, 9.94, -1.77, -9.13
37536, 2.59, 3, 9.94, -2.25, -9.89
37611, 2.76, 3, 9.94, -2.06, -9.37
37687, 2.55, 3, 9.94, -1.74, -9.27
37761, 2.53, 3, 9.94, -1.92, -9.61
37840, 2.58, 3, 9.94, -1.82, -9.58
37916, 2.79, 3, 9.94, -2.51, -9.54
37989, 3.01, 3, 9.94, -2.25, -9.93
38064, 2.38, 3, 9.94, -2.22, -9.42
38138, 2.73, 3, 9.94, -2.20, -10.25
38213, 2.26, 3, 9.94, -2.09, -9.71
38286, 1.98, 3, 9.94, -2.36, -9.29
38361, 2.51, 3, 9.94, -2.31, -9.74
38435, 1.90, 3, 9.94, -2.13, -9.94
38510, 2.20, 3, 9.94, -2.38, -9.78
38583, 2.07, 3, 9.94, -2.36, -9.77
38658, 1.79, 3, 9.94, -1.86, -9.49






310, 0.40, 0, 0.40, 0.31, -9.98
385, 0.40, 0, 0.40, 0.47, -10.02
459, 0.45, 0, 0.45, 0.47, -9.73
532, 0.62, 0, 0.62, 0.43, -10.18
607, 0.36, 0, 0.62, 0.35, -10.13
681, 0.48, 0, 0.62, 0.36, -9.99
756, 0.49, 0, 0.62, 0.51, -9.84
829, 0.35, 0, 0.62, 0.43, -10.01
903, 0.39, 0, 0.62, 0.45, -10.04
978, 0.99, 2, 0.99, 0.50, -10.04
1052, 0.80, 2, 0.99, 0.40, -9.99
1129, 0.42, 0, 0.99, 0.23, -9.95
1206, 0.37, 0, 0.99, 0.26, -9.79
1280, 0.76, 2, 0.99, 0.19, -10.17
1354, 0.74, 0, 0.99, 0.10, -10.10
1428, 0.64, 0, 0.99, -0.04, -10.03
1500, 0.73, 0, 0.99, 0.09, -10.24
1575, 0.34, 0, 0.99, 0.14, -9.72
1649, 0.26, 0, 0.99, 0.00, -9.93
1722, 0.32, 0, 0.99, -0.08, -10.01
1797, 0.52, 0, 0.99, -0.12, -10.26
1871, 0.13, 0, 0.99, -0.19, -10.00
1946, 0.16, 0, 0.99, -0.22, -10.04
2019, 0.24, 0, 0.99, -0.19, -10.16
2094, 0.12, 0, 0.99, -0.02, -9.99
2168, 0.12, 0, 0.99, -0.04, -9.93
2242, -0.00, 0, 0.99, -0.05, -9.97
2316, 0.07, 0, 0.99, -0.13, -10.07
2391, 0.14, 0, 0.99, -0.22, -10.10
2465, -0.15, 0, 0.99, -0.07, -10.11
2542, -0.21, 0, 0.99, -0.20, -10.02
2616, -0.10, 0, 0.99, -0.27, -10.20
2690, -0.34, 0, 0.99, -0.21, -10.05
2765, -0.41, 0, 0.99, -0.16, -9.97
2838, -0.24, 0, 0.99, -0.25, -9.93
2913, -0.26, 0, 0.99, -0.42, -10.17
2987, -0.26, 0, 0.99, -0.23, -10.02
3062, -0.04, 0, 0.99, -0.18, -10.21
3136, -0.45, 0, 0.99, -0.27, -9.92
3210, -0.18, 0, 0.99, -0.34, -10.15
3285, -0.13, 0, 0.99, -0.22, -10.25
3359, -0.55, 0, 0.99, -0.35, -9.87
3439, -0.27, 0, 0.99, -0.33, -10.09
3513, -0.11, 0, 0.99, -0.20, -10.18
3590, -0.42, 0, 0.99, -0.51, -9.97
3664, -0.36, 0, 0.99, -0.27, -10.00
3739, -0.45, 0, 0.99, -0.39, -10.00
3812, -0.33, 0, 0.99, -0.28, -10.02
3887, -0.04, 0, 0.99, -0.12, -10.10
3961, -0.40, 0, 0.99, -0.16, -9.84
4034, -0.23, 0, 0.99, -0.38, -10.01
4109, -0.27, 0, 0.99, -0.29, -10.27
4183, -0.38, 0, 0.99, -0.43, -9.83
4258, -0.29, 0, 0.99, -0.19, -10.43
4331, -0.56, 0, 0.99, 0.03, -10.09
4405, -1.01, 1, 0.99, -0.08, -10.04
4480, -2.99, 1, 0.99, 0.31, -11.10
4554, -1.34, 1, 0.99, 1.13, -10.90
4630, -1.08, 1, 0.99, 0.49, -9.58
4704, 0.84, 2, 0.99, 0.76, -9.54
4779, 0.39, 0, 0.99, 0.54, -9.20
4853, 0.87, 2, 0.99, 0.86, -9.68
4926, -0.43, 0, 0.99, -0.14, -8.73
5001, -0.04, 0, 0.99, -0.45, -10.64
5075, 0.33, 0, 0.99, -0.65, -9.60
5149, 1.07, 2, 1.07, -0.66, -10.93
5223, 0.43, 0, 1.07, -1.04, -10.09
5297, 0.66, 0, 1.07, -0.93, -9.97
5371, 1.03, 2, 1.07, -0.46, -10.11
5446, 1.28, 2, 1.28, -0.19, -9.45
5519, 2.19, 2, 2.19, -1.27, -9.81
5593, 3.83, 2, 3.83, -1.42, -10.88
5676, 2.08, 2, 3.83, -0.77, -10.96
5751, 1.49, 3, 3.83, -0.04, -9.85
5824, 0.12, 0, 3.83, -1.14, -9.70
5899, 1.77, 3, 3.83, -0.15, -8.90
5973, -1.47, 1, 3.83, 0.15, -10.66
6048, -0.77, 1, 3.83, 0.29, -9.10
6121, -2.62, 1, 3.83, -0.21, -10.22
6196, -1.93, 1, 3.83, 0.60, -8.93
6270, -0.99, 1, 3.83, 0.92, -10.43
6345, -1.16, 1, 3.83, 0.44, -9.69
6418, -1.39, 1, 3.83, -0.31, -9.86
6493, -0.90, 1, 3.83, 0.06, -10.03
6567, -2.53, 1, 3.83, -1.50, -9.96
6641, -3.45, 1, 3.83, -0.42, -8.13
6715, -2.52, 1, 3.83, 0.00, -8.43
6792, -1.04, 1, 3.83, 1.91, -10.44
6867, -1.90, 1, 3.83, 0.60, -9.77
6941, -1.24, 1, 3.83, 0.76, -10.02
7015, -1.65, 1, 3.83, 0.75, -9.79
7089, -1.61, 1, 3.83, 0.57, -9.79
7163, -1.07, 1, 3.83, 0.69, -10.06
7238, -0.43, 0, 3.83, 0.03, -10.40
7311, -2.85, 1, 3.83, 1.73, -9.69
7386, -0.82, 1, 3.83, 0.52, -10.11
7460, -1.17, 1, 3.83, 0.71, -10.06
7535, -1.09, 1, 3.83, 0.50, -10.02
7608, -0.96, 1, 3.83, 0.47, -10.03
7683, -0.71, 0, 3.83, 0.56, -10.20
7757, 0.15, 0, 3.83, 0.19, -10.32
7835, -0.21, 0, 3.83, -1.28, -11.07
7914, -2.47, 1, 3.83, 0.77, -8.87
7988, -2.13, 1, 3.83, 1.37, -10.61
8061, -0.00, 0, 3.83, -0.00, -0.00
8135, 0.04, 0, 3.83, 0.24, -8.47
8208, 1.01, 3, 3.83, 3.37, -9.60
8283, 0.08, 0, 3.83, 2.44, -8.70
8357, -3.15, 1, 3.83, 2.89, -11.15
8432, -1.52, 1, 3.83, 0.98, -6.92
8505, -7.22, 1, 3.83, 0.94, -6.81
8580, -3.77, 1, 3.83, 0.54, -9.42
8654, 0.29, 0, 3.83, 3.42, -10.59
8727, -1.80, 1, 3.83, 1.16, -9.28
8802, -1.37, 1, 3.83, 1.42, -9.92
8876, -0.67, 0, 3.83, -3.74, -9.92
8953, 1.30, 3, 3.83, 1.02, -9.50
9028, 1.52, 3, 3.83, -0.48, -9.64
9101, 0.57, 0, 3.83, -0.39, -9.26
9176, 2.92, 2, 3.83, -0.31, -9.17
9250, 1.58, 3, 3.83, 0.02, -10.01
9324, 1.05, 3, 3.83, 2.19, -9.23
9398, 0.90, 3, 3.83, -0.81, -10.03
9472, 0.69, 0, 3.83, -0.77, -10.71
9547, 0.57, 0, 3.83, -1.17, -9.86
9620, -0.86, 1, 3.83, 0.33, -9.21
9695, -0.66, 0, 3.83, 1.35, -9.01
9769, 0.69, 0, 3.83, -0.72, -9.64
9844, 0.49, 0, 3.83, -0.85, -8.34
9917, -0.47, 0, 3.83, -0.16, -10.41
9994, 0.68, 0, 3.83, -1.47, -9.14
10069, 0.11, 0, 3.83, -0.15, -10.08
10149, -2.87, 1, 3.83, 0.08, -9.94
10224, -0.40, 0, 3.83, 0.48, -9.23
10297, 0.81, 3, 3.83, 0.57, -9.41
10372, 2.40, 2, 3.83, 0.63, -9.73
10446, 1.45, 3, 3.83, -0.41, -9.39
10521, 1.44, 3, 3.83, -0.00, -10.09
10594, 2.95, 2, 3.83, 0.43, -8.16
10669, 1.24, 3, 3.83, 0.22, -9.78
10743, 2.07, 2, 3.83, -0.16, -10.13
10817, 2.18, 2, 3.83, 0.21, -10.10
10891, 2.36, 2, 3.83, 0.07, -9.56
10966, 2.16, 2, 3.83, -0.25, -9.75
11040, 1.96, 2, 3.83, -0.24, -9.81
11112, 2.21, 2, 3.83, -0.25, -9.81
11186, 2.22, 2, 3.83, -0.09, -9.73
11261, 1.20, 3, 3.83, -0.58, -9.86
11335, 1.35, 3, 3.83, -1.00, -10.25
11409, 1.68, 3, 3.83, -0.75, -9.88
11483, 1.07, 3, 3.83, -1.36, -8.97
11558, 0.26, 0, 3.83, -2.04, -9.67
11632, 1.15, 3, 3.83, -0.88, -10.11
11706, 2.71, 2, 3.83, -1.00, -10.07
11780, 1.26, 3, 3.83, -1.09, -9.66
11855, -0.44, 0, 3.83, -0.53, -9.77
11929, 1.43, 3, 3.83, -0.47, -10.67
12003, 0.21, 0, 3.83, -0.50, -8.33
12077, 0.00, 0, 3.83, -2.13, -10.26
12154, -0.23, 0, 3.83, -0.93, -9.49
12229, 1.09, 3, 3.83, -1.49, -9.87
12302, 2.74, 2, 3.83, -2.43, -10.74
12381, 0.37, 0, 3.83, -1.83, -9.91
12457, 3.18, 2, 3.83, -1.82, -10.87
12531, 1.44, 3, 3.83, -1.91, -9.84
12605, 1.66, 3, 3.83, -1.83, -9.81
12679, 1.79, 3, 3.83, -1.76, -9.84
12754, 1.93, 2, 3.83, -1.31, -9.47
12828, 2.03, 2, 3.83, -1.82, -9.80
12901, 1.48, 3, 3.83, -1.38, -9.96
12976, 1.28, 3, 3.83, -2.16, -9.74
13050, 1.91, 3, 3.83, -1.50, -9.69
13124, 1.97, 2, 3.83, -1.44, -9.75
13200, 1.56, 3, 3.83, -1.85, -9.63
13275, 1.88, 3, 3.83, -1.88, -9.60
13349, 1.90, 3, 3.83, -1.63, -9.74
13424, 1.81, 3, 3.83, -1.61, -9.77
13497, 1.48, 3, 3.83, -1.67, -9.74
13571, 1.60, 3, 3.83, -1.96, -9.80
13646, 3.99, 2, 3.99, -1.25, -9.64
13719, 2.52, 2, 3.99, -1.43, -9.89
13793, 1.02, 3, 3.99, -1.61, -9.82
13868, 1.17, 3, 3.99, -1.68, -9.89
13942, 1.15, 3, 3.99, -1.67, -9.89
14016, 1.38, 3, 3.99, -1.32, -9.91
14090, 1.36, 3, 3.99, -1.37, -9.90
14164, 1.42, 3, 3.99, -1.50, -9.90
14241, 1.43, 3, 3.99, -1.48, -9.88
14315, 1.76, 3, 3.99, -0.86, -9.63
14389, 2.07, 2, 3.99, -0.94, -9.85
14464, 1.76, 3, 3.99, -1.20, -9.79
14538, 1.86, 3, 3.99, -1.36, -9.85
14612, 1.92, 3, 3.99, -1.14, -9.91
14692, 2.29, 2, 3.99, -0.96, -9.72
14767, 2.11, 2, 3.99, -1.11, -9.75
14841, 2.12, 2, 3.99, -1.18, -9.71
14916, 2.11, 2, 3.99, -1.10, -9.85
14989, 2.20, 2, 3.99, -0.88, -9.84
15064, 1.72, 3, 3.99, -0.81, -9.79
15138, 1.86, 3, 3.99, -1.27, -9.79
15212, 2.04, 2, 3.99, -1.00, -9.81
15289, 2.24, 2, 3.99, -0.82, -9.63
15363, 2.15, 2, 3.99, -1.06, -9.75
15438, 1.92, 3, 3.99, -1.38, -9.83
15511, 2.18, 2, 3.99, -1.17, -9.77
15586, 2.23, 2, 3.99, -1.00, -9.74
15660, 2.36, 2, 3.99, -0.94, -9.76
15735, 2.19, 2, 3.99, -1.13, -9.76
15808, 1.99, 3, 3.99, -1.39, -9.75
15883, 2.25, 2, 3.99, -1.15, -9.75
15957, 2.29, 2, 3.99, -1.11, -9.74
16032, 2.05, 2, 3.99, -1.13, -9.64
16105, 2.05, 2, 3.99, -1.47, -9.83
16180, 1.96, 3, 3.99, -1.54, -9.85
16254, 2.18, 2, 3.99, -1.22, -9.69
16331, 2.12, 2, 3.99, -1.33, -9.81
16405, 2.09, 2, 3.99, -1.37, -9.73
16479, 2.08, 2, 3.99, -1.53, -9.78
16554, 1.98, 3, 3.99, -1.50, -9.72
16628, 1.88, 3, 3.99, -1.48, -9.80
16702, 2.12, 2, 3.99, -1.48, -9.72
16776, 2.06, 2, 3.99, -1.55, -9.77
16851, 1.96, 3, 3.99, -1.58, -9.88
16931, 1.86, 3, 3.99, -1.46, -9.74
17004, 2.13, 2, 3.99, -1.51, -9.75
17079, 1.84, 3, 3.99, -1.68, -9.80
17153, 1.96, 3, 3.99, -1.68, -9.91
17228, 2.01, 2, 3.99, -1.26, -9.74
17301, 2.08, 2, 3.99, -1.47, -9.52
17376, 2.08, 2, 3.99, -1.48, -9.77
17453, 2.00, 2, 3.99, -1.65, -9.90
17528, 0.84, 3, 3.99, -3.37, -9.98
17601, 1.76, 3, 3.99, -1.63, -9.07
17676, 1.50, 3, 3.99, -1.97, -9.59
17750, 4.68, 2, 4.68, -1.63, -8.69
17824, 3.06, 2, 4.68, -2.10, -10.94
17898, 3.90, 2, 4.68, -1.56, -9.18
17972, 3.11, 2, 4.68, -1.97, -9.52
18047, 3.05, 2, 4.68, -2.14, -9.45
18121, 3.26, 2, 4.68, -1.70, -9.40
18195, 3.19, 2, 4.68, -1.63, -9.52
18269, 3.29, 2, 4.68, -1.57, -9.42
18344, 3.07, 2, 4.68, -1.58, -9.48
18418, 3.17, 2, 4.68, -2.06, -9.43
18495, 3.36, 2, 4.68, -1.80, -9.42
18569, 3.20, 2, 4.68, -1.78, -9.32
18644, 3.16, 2, 4.68, -1.88, -9.32
18718, 3.32, 2, 4.68, -2.06, -9.38
18792, 3.36, 2, 4.68, -1.73, -9.38
18866, 3.28, 2, 4.68, -1.79, -9.33
18941, 3.27, 2, 4.68, -1.92, -9.36
19015, 3.22, 2, 4.68, -1.98, -9.37
19089, 3.32, 2, 4.68, -2.01, -9.39
19169, 3.34, 2, 4.68, -1.79, -9.32
19243, 3.17, 2, 4.68, -1.96, -9.36
19318, 3.23, 2, 4.68, -1.95, -9.36
19391, 3.34, 2, 4.68, -1.90, -9.41
19466, 3.29, 2, 4.68, -1.83, -9.37
19543, 2.96, 2, 4.68, -2.06, -9.38
19618, 3.04, 2, 4.68, -2.24, -9.36
19691, 2.83, 2, 4.68, -2.07, -9.47
19766, 2.82, 2, 4.68, -1.86, -9.40
19840, 2.67, 2, 4.68, -1.77, -9.55
19915, 2.20, 3, 4.68, -2.11, -9.63
19988, 2.18, 3, 4.68, -2.09, -9.63
20063, 2.13, 3, 4.68, -1.88, -9.80
20137, 1.83, 3, 4.68, -1.81, -9.70
20212, 1.50, 3, 4.68, -1.95, -9.77
20285, -0.19, 0, 4.68, -2.96, -10.12
20360, 1.27, 3, 4.68, -2.59, -9.83
20434, 1.92, 3, 4.68, -1.93, -9.70
20509, 1.44, 3, 4.68, -1.90, -9.77
20585, 1.47, 3, 4.68, -2.11, -9.80
20659, 1.50, 3, 4.68, -2.06, -9.77
20734, 1.57, 3, 4.68, -1.86, -9.79
20808, 1.68, 3, 4.68, -1.98, -9.73
20881, 2.09, 3, 4.68, -1.69, -9.63
20956, 1.56, 3, 4.68, -2.00, -9.80
21030, 1.50, 3, 4.68, -1.97, -9.81
21104, 1.45, 3, 4.68, -1.75, -9.81
21178, 1.41, 3, 4.68, -1.92, -9.76
21252, 1.51, 3, 4.68, -2.37, -9.32
21327, 1.39, 3, 4.68, -1.77, -9.93
21407, 1.23, 3, 4.68, -1.77, -9.86
21480, 1.20, 3, 4.68, -1.88, -9.83
21554, -0.46, 0, 4.68, -2.84, -9.20
21631, 0.99, 3, 4.68, -1.74, -10.11
21706, 0.91, 3, 4.68, -1.75, -9.86
21779, 0.85, 3, 4.68, -1.97, -9.89
21854, 0.80, 3, 4.68, -2.06, -9.88
21928, 0.80, 3, 4.68, -1.61, -9.94
22002, 0.94, 3, 4.68, -1.59, -9.95
22076, 0.80, 3, 4.68, -1.73, -9.82
22150, 0.88, 3, 4.68, -1.97, -9.88
22224, 0.88, 3, 4.68, -1.86, -9.93
22299, 1.05, 3, 4.68, -1.62, -9.89
22372, 1.06, 3, 4.68, -1.74, -9.82
22447, 0.85, 3, 4.68, -2.06, -9.83
22521, 1.08, 3, 4.68, -2.00, -9.88
22594, 1.07, 3, 4.68, -1.91, -9.88
22669, 1.14, 3, 4.68, -1.83, -9.82
22746, 1.02, 3, 4.68, -2.04, -9.88
22820, 1.13, 3, 4.68, -2.11, -9.91
22895, 1.26, 3, 4.68, -1.80, -9.83
22968, 1.22, 3, 4.68, -1.77, -9.83
23043, 1.34, 3, 4.68, -1.84, -9.82
23117, 1.17, 3, 4.68, -1.92, -9.98
23191, -1.00, 1, 4.68, -2.44, -7.85
23265, 0.84, 3, 4.68, -1.41, -10.16
23340, -0.88, 1, 4.68, -1.20, -9.87
23414, -0.79, 1, 4.68, -1.39, -10.83
23488, -0.87, 1, 4.68, -0.47, -9.51
23562, -2.19, 1, 4.68, 0.16, -9.61
23641, -2.66, 1, 4.68, -0.51, -10.13
23717, -4.50, 1, 4.68, 0.03, -9.08
23794, -2.70, 1, 4.68, -0.69, -10.83
23868, -5.76, 1, 4.68, 0.48, -8.07
23942, -7.58, 1, 4.68, 0.90, -6.81
24017, -8.36, 1, 4.68, -0.48, -8.73
24091, -8.10, 1, 4.68, 1.05, -5.78
24165, -8.57, 1, 4.68, 0.29, -4.78
24239, -9.19, 1, 4.68, 0.55, -3.89
24314, -9.25, 1, 4.68, 0.36, -2.90
24388, -9.44, 1, 4.68, 0.22, -2.06
24462, -9.79, 1, 4.68, 0.29, -2.02
24536, -9.51, 1, 4.68, 0.58, -1.96
24611, -9.24, 1, 4.68, 0.68, -2.24
24684, -9.43, 1, 4.68, 0.74, -1.68
24759, -10.18, 1, 4.68, 0.66, -1.63
24836, -9.21, 1, 4.68, 0.76, -2.59
24910, -9.63, 1, 4.68, 0.02, -2.56
24985, -10.16, 1, 4.68, 0.38, -2.22
25059, -4.46, 1, 4.68, 0.49, -5.98
25133, -9.07, 1, 4.68, -0.08, 0.61
25207, -10.03, 1, 4.68, 0.46, 1.36
25281, -10.07, 1, 4.68, 0.51, 1.22
25355, -9.94, 1, 4.68, 0.29, 1.37
25430, -9.38, 1, 4.68, 0.23, 1.39
25504, -9.58, 1, 4.68, 0.37, 1.31
25578, -9.71, 1, 4.68, 0.31, 1.24
25652, -10.00, 1, 4.68, 0.41, 1.56
25727, -9.92, 1, 4.68, 0.24, 1.35
25801, -9.63, 1, 4.68, 0.32, 1.09
25884, -10.00, 1, 4.68, 0.35, 1.33
25957, -9.70, 1, 4.68, 0.24, 0.84
26032, -9.92, 1, 4.68, 0.32, 0.99
26106, -10.12, 1, 4.68, 0.21, 0.97
26181, -9.89, 1, 4.68, 0.10, 0.88
26254, -9.91, 1, 4.68, 0.05, 0.76
26328, -9.82, 1, 4.68, 0.16, 0.84
26403, -10.26, 1, 4.68, 0.24, 0.94
26476, -10.16, 1, 4.68, 0.21, 1.16
26551, -9.60, 1, 4.68, -0.01, 0.78
26625, -9.90, 1, 4.68, 0.25, 1.09
26700, -10.05, 1, 4.68, 0.24, 1.28
26773, -9.91, 1, 4.68, 0.07, 1.49
26848, -10.16, 1, 4.68, 0.18, 2.13
26925, -9.77, 1, 4.68, 0.15, 2.13
26999, -9.32, 1, 4.68, 0.05, 2.51
27073, -9.57, 1, 4.68, -0.13, 3.01
27147, -9.49, 1, 4.68, -0.21, 2.84
27222, -9.51, 1, 4.68, 0.03, 3.08
27296, -9.04, 1, 4.68, -0.44, 1.42
27369, -10.92, 1, 4.68, 0.22, 0.32
27444, -9.84, 1, 4.68, 0.06, -1.48
27518, -10.27, 1, 4.68, -0.65, -3.48
27593, -8.66, 1, 4.68, 0.00, -5.54
27666, -8.23, 1, 4.68, -0.35, -5.99
27741, -7.30, 1, 4.68, -0.07, -6.92
27816, -6.90, 1, 4.68, -0.05, -7.34
27890, -4.92, 1, 4.68, -1.06, -8.19
27964, -4.53, 1, 4.68, -0.39, -9.66
28041, -3.76, 1, 4.68, -1.10, -9.32
28121, -2.50, 1, 4.68, -1.18, -10.20
28196, -2.44, 1, 4.68, -1.89, -9.43
28270, -2.02, 1, 4.68, -1.65, -10.01
28344, -2.88, 1, 4.68, -2.00, -9.68
28418, -2.81, 1, 4.68, -6.35, -7.49
28493, 2.26, 3, 4.68, -5.46, -9.41
28566, 0.85, 3, 4.68, -4.30, -7.40
28641, 12.90, 2, 12.90, 5.21, -11.36
28715, 3.33, 3, 12.90, -2.32, -5.97
28790, 5.36, 3, 12.90, -3.12, -10.04
28864, 5.48, 3, 12.90, -0.12, -7.56
28938, 5.57, 3, 12.90, -2.23, -6.03
29015, 5.21, 3, 12.90, -0.90, -8.76
29090, 4.40, 3, 12.90, 0.79, -8.60
29163, 4.24, 3, 12.90, -0.11, -9.62
29237, 3.96, 3, 12.90, 0.64, -8.79
29312, 4.11, 3, 12.90, -0.18, -9.74
29386, 3.86, 3, 12.90, 0.48, -9.04
29459, 3.87, 3, 12.90, -0.12, -9.38
29534, 3.67, 3, 12.90, -0.15, -9.33
29608, 4.00, 3, 12.90, -0.13, -9.41
29683, 2.89, 3, 12.90, 3.42, -10.26
29756, 2.63, 3, 12.90, 1.53, -8.73
29831, 1.17, 3, 12.90, -1.29, -8.76
29905, 0.25, 0, 12.90, -4.31, -12.14
29979, -0.72, 0, 12.90, -2.25, -10.69
30066, -0.08, 0, 12.90, -0.19, -8.78
30142, 1.11, 3, 12.90, -1.83, -10.86
30219, 0.90, 3, 12.90, -0.39, -10.07
30301, 0.32, 0, 12.90, 0.53, -10.17
30377, 0.57, 0, 12.90, -1.32, -10.69
30454, 0.50, 0, 12.90, 0.18, -10.23
30530, 0.00, 0, 12.90, -0.55, -10.09
30606, -0.91, 1, 12.90, 0.24, -10.23
30683, -4.59, 1, 12.90, -1.89, -10.09
30759, -2.21, 1, 12.90, -0.20, -8.94
30836, -0.69, 0, 12.90, 0.64, -10.78
30912, 1.22, 3, 12.90, -0.39, -11.02
30988, 0.35, 0, 12.90, -0.53, -9.81
31065, 0.77, 3, 12.90, 0.23, -10.59
31144, 1.54, 3, 12.90, 0.02, -9.89
31221, 0.27, 0, 12.90, -1.65, -9.73
31296, 0.72, 0, 12.90, -1.02, -10.39
31373, 0.50, 0, 12.90, -1.23, -9.76
31450, 1.14, 3, 12.90, -2.56, -10.46
31526, 0.37, 0, 12.90, -0.88, -10.42
31603, 0.03, 0, 12.90, -1.82, -12.78
31679, 0.29, 0, 12.90, -1.53, -9.72
31755, 0.38, 0, 12.90, -2.13, -10.30
31832, 0.39, 0, 12.90, -1.49, -10.03
31909, 0.73, 0, 12.90, -1.28, -10.02
31986, 0.28, 0, 12.90, -1.57, -9.88
32061, 1.01, 3, 12.90, -1.46, -9.95
32141, 0.59, 0, 12.90, -1.47, -10.03
32217, 0.62, 0, 12.90, -1.54, -9.92
32294, 0.69, 0, 12.90, -1.58, -9.92
32371, 1.03, 3, 12.90, -1.20, -10.05
32446, 0.66, 0, 12.90, -1.45, -9.87
32523, 0.72, 0, 12.90, -1.48, -9.92
32605, 1.18, 3, 12.90, -1.44, -10.04
32682, 1.08, 3, 12.90, -1.66, -10.04
32759, 1.39, 3, 12.90, -1.60, -9.70
32836, 1.30, 3, 12.90, -1.52, -9.54
32911, 1.85, 3, 12.90, -1.56, -9.74
32988, 1.91, 3, 12.90, -1.68, -9.58
33065, 2.20, 3, 12.90, -1.76, -9.95
33141, 2.02, 3, 12.90, -1.62, -9.70
33221, 2.41, 3, 12.90, -1.84, -9.57
33296, 2.69, 3, 12.90, -1.76, -9.38
33373, 2.83, 3, 12.90, -1.73, -9.48
33450, 2.81, 3, 12.90, -1.81, -9.48
33526, 2.76, 3, 12.90, -1.74, -9.37
33602, 2.97, 3, 12.90, -1.75, -9.38
33679, 3.43, 3, 12.90, -1.68, -9.31
33755, 3.74, 3, 12.90, -1.88, -9.47
33832, 4.40, 3, 12.90, -1.65, -9.31
33909, 4.37, 3, 12.90, -1.73, -9.24
33984, 4.58, 3, 12.90, -1.75, -9.29
34061, 4.71, 3, 12.90, -1.87, -8.85
34138, 5.47, 3, 12.90, -1.75, -8.71
34214, 6.22, 3, 12.90, -1.81, -7.66
34294, 6.85, 2, 12.90, -2.11, -6.93
34369, 7.38, 2, 12.90, -1.91, -6.47
34446, 7.75, 2, 12.90, -1.71, -5.56
34523, 8.18, 2, 12.90, -1.02, -5.43
34599, 8.65, 2, 12.90, -0.78, -5.63
34676, 8.88, 2, 12.90, -0.54, -5.33
34752, 8.89, 2, 12.90, -1.14, -4.11
34828, 8.46, 2, 12.90, -0.82, -3.92
34911, 9.64, 2, 12.90, -0.75, -3.31
34988, 9.08, 2, 12.90, -0.84, -1.76
35064, 9.93, 2, 12.90, -0.79, -1.88
35141, 9.79, 2, 12.90, -0.47, -1.99
35216, 9.69, 2, 12.90, -0.90, -1.53
35293, 9.74, 2, 12.90, -0.88, -1.15
35372, 10.07, 2, 12.90, -0.72, -1.40
35449, 9.18, 2, 12.90, -0.18, -1.12
35526, 9.61, 2, 12.90, -0.58, -1.23
35601, 9.75, 2, 12.90, -0.65, -0.82
35678, 10.03, 2, 12.90, -1.11, -0.85
35755, 9.75, 2, 12.90, -0.83, -0.28
35832, 9.86, 2, 12.90, -1.27, 0.07
35908, 9.39, 2, 12.90, -0.85, 0.51
35984, 10.32, 2, 12.90, -0.93, -0.50
36061, 10.03, 2, 12.90, -0.26, 0.57
36137, 9.91, 2, 12.90, -0.59, 0.33
36214, 9.96, 2, 12.90, -1.13, 0.38
36289, 9.71, 2, 12.90, -1.24, 0.54
36366, 9.85, 2, 12.90, -1.02, 0.24
36445, 10.55, 2, 12.90, -0.69, 0.98
36522, 9.87, 2, 12.90, -0.77, 0.53
36599, 8.79, 2, 12.90, -1.61, 0.73
36674, 9.86, 2, 12.90, -1.12, 0.78
36751, 9.71, 2, 12.90, -1.32, 0.81
36827, 9.82, 2, 12.90, -1.29, 0.67
36904, 9.92, 2, 12.90, -1.14, 0.78
36981, 9.86, 2, 12.90, -1.15, 0.75
37056, 9.75, 2, 12.90, -1.18, 0.81
37133, 9.93, 2, 12.90, -1.23, 0.71
37215, 9.46, 2, 12.90, -1.26, 1.08
37292, 9.64, 2, 12.90, -1.20, 0.87
37369, 9.85, 2, 12.90, -1.20, 0.75
37445, 9.94, 2, 12.90, -1.11, 1.03
37523, 9.59, 2, 12.90, -1.11, 1.03
37600, 9.80, 2, 12.90, -1.16, 1.20
37676, 9.05, 2, 12.90, -1.61, 0.23
37753, 9.02, 2, 12.90, -1.30, -1.37
37829, 9.00, 2, 12.90, -0.46, -2.78
37905, 8.67, 2, 12.90, -1.59, -6.03
37981, 7.45, 2, 12.90, -0.13, -5.95
38058, 6.34, 3, 12.90, -0.72, -9.10
38134, 4.74, 3, 12.90, -0.38, -7.63
38210, 3.58, 3, 12.90, 0.24, -10.24
38287, 3.39, 3, 12.90, -0.17, -9.66
38363, 1.16, 3, 12.90, 1.27, -9.72
38440, 2.56, 3, 12.90, -0.06, -11.32
38516, 2.03, 3, 12.90, -0.33, -9.40
38596, 2.62, 3, 12.90, -0.43, -11.13
38671, 3.04, 3, 12.90, -1.29, -9.31
38748, 2.21, 3, 12.90, -2.19, -9.65
38824, 0.69, 0, 12.90, -0.90, -9.15
38901, 0.24, 0, 12.90, -1.86, -10.81
38976, 0.31, 0, 12.90, -1.19, -10.11
39053, 0.31, 0, 12.90, -1.55, -9.54
39130, -0.84, 1, 12.90, -0.98, -9.62
39206, -1.01, 1, 12.90, -1.39, -10.21
39283, -1.95, 1, 12.90, -1.15, -9.60
39358, -1.91, 1, 12.90, -1.06, -9.98
39435, -1.44, 1, 12.90, -1.33, -9.66
39516, -1.28, 1, 12.90, -1.24, -9.19
39596, -0.77, 1, 12.90, -1.89, -10.07
39673, -0.48, 0, 12.90, -1.36, -10.45
39750, -1.79, 1, 12.90, -2.03, -9.59
39826, -0.86, 1, 12.90, -1.83, -9.97
39902, -0.69, 0, 12.90, -1.59, -10.11
39979, -1.43, 1, 12.90, -1.90, -9.76
40056, -1.00, 1, 12.90, -1.79, -9.60
40133, -0.10, 0, 12.90, -1.57, -9.85
40208, -0.33, 0, 12.90, -1.88, -9.88
40285, 0.04, 0, 12.90, -1.71, -9.94
40361, -0.36, 0, 12.90, -1.70, -9.96
40438, -0.19, 0, 12.90, -1.87, -9.90
40514, 0.15, 0, 12.90, -1.61, -9.95
40590, 0.16, 0, 12.90, -1.59, -9.95
40670, -0.13, 0, 12.90, -2.04, -9.88
40746, -0.33, 0, 12.90, -2.04, -9.95
40823, 1.48, 3, 12.90, 0.10, -7.44
40900, 0.58, 0, 12.90, -1.71, -10.04
40975, 0.23, 0, 12.90, -1.56, -10.07
41052, 0.92, 3, 12.90, -1.48, -9.96
41129, 0.91, 3, 12.90, -1.76, -9.78
41206, 2.84, 3, 12.90, -2.11, -10.10
41281, 1.17, 3, 12.90, -1.76, -9.82
41358, 1.05, 3, 12.90, -1.72, -9.81
41435, 0.88, 3, 12.90, -2.02, -9.89
41511, 1.16, 3, 12.90, -1.74, -9.84
41588, 1.18, 3, 12.90, -1.76, -9.82
41664, 0.99, 3, 12.90, -2.03, -9.82
41743, 1.15, 3, 12.90, -1.92, -9.76
41826, 1.24, 3, 12.90, -1.92, -9.82
41902, 1.14, 3, 12.90, -2.20, -9.81
41979, 1.29, 3, 12.90, -1.91, -9.83
42056, 1.31, 3, 12.90, -2.11, -9.80
42131, 1.27, 3, 12.90, -2.17, -9.75
42208, 1.47, 3, 12.90, -1.98, -9.83
42285, 1.27, 3, 12.90, -1.96, -9.82
42361, 1.33, 3, 12.90, -2.26, -9.77
42438, 1.35, 3, 12.90, -2.24, -9.72
42514, 1.61, 3, 12.90, -2.10, -9.72
42590, 1.30, 3, 12.90, -2.46, -9.77
42667, 1.50, 3, 12.90, -2.15, -9.79
42746, 1.49, 3, 12.90, -1.98, -9.81
42823, 1.08, 3, 12.90, -2.20, -9.76
42899, 1.31, 3, 12.90, -2.11, -9.79
42975, 1.13, 3, 12.90, -2.17, -9.79
43052, 1.22, 3, 12.90, -1.93, -9.85
43129, 2.33, 3, 12.90, -0.31, -9.17
43205, 1.22, 3, 12.90, -2.79, -9.93
43281, 1.70, 3, 12.90, -1.81, -9.76
43358, 1.70, 3, 12.90, -2.07, -9.76
43434, 1.99, 3, 12.90, -1.87, -9.81
43511, 1.91, 3, 12.90, -1.91, -9.71
43588, 1.96, 3, 12.90, -1.89, -9.63
43663, 1.88, 3, 12.90, -2.13, -9.67
43740, 2.22, 3, 12.90, -2.00, -9.67
43819, 2.32, 3, 12.90, -1.99, -9.55
43896, 2.35, 3, 12.90, -2.24, -9.63
43973, 2.57, 3, 12.90, -1.97, -9.50
44048, 2.60, 3, 12.90, -2.10, -9.51
44131, 2.66, 3, 12.90, -2.16, -9.53
44208, 2.76, 3, 12.90, -1.93, -9.51
44284, 2.69, 3, 12.90, -2.09, -9.44
44361, 2.61, 3, 12.90, -2.30, -9.52
44437, 3.01, 3, 12.90, -2.05, -9.37
44513, 2.99, 3, 12.90, -1.94, -9.44
44590, 2.74, 3, 12.90, -2.09, -9.45
44667, 2.96, 3, 12.90, -2.03, -9.26
44743, 1.66, 3, 12.90, -1.83, -9.78
44819, 1.24, 3, 12.90, -2.22, -9.78
44898, 1.04, 3, 12.90, -2.27, -9.71
44975, 0.85, 3, 12.90, -2.13, -9.82
45052, 0.69, 0, 12.90, -2.16, -9.79
45128, 0.51, 0, 12.90, -2.19, -9.86
45204, 0.48, 0, 12.90, -2.20, -9.87
45281, 0.41, 0, 12.90, -1.98, -9.92
45357, 0.34, 0, 12.90, -2.29, -9.86
45434, 0.20, 0, 12.90, -2.08, -9.91
45511, 0.29, 0, 12.90, -2.03, -9.84
45586, 0.17, 0, 12.90, -2.29, -9.88
45663, 0.33, 0, 12.90, -1.98, -9.95
45739, 0.26, 0, 12.90, -2.04, -9.88
45816, 0.17, 0, 12.90, -2.05, -9.80
45893, 0.17, 0, 12.90, -2.32, -9.88
45971, 0.30, 0, 12.90, -1.92, -9.86
46047, 0.08, 0, 12.90, -2.09, -9.82
46124, 0.27, 0, 12.90, -2.18, -9.92
46200, 0.25, 0, 12.90, -1.96, -9.92
46277, 0.36, 0, 12.90, -2.15, -9.87
46352, 0.12, 0, 12.90, -2.17, -9.86
46435, 0.03, 0, 12.90, -1.84, -9.88
46511, 0.21, 0, 12.90, -2.16, -9.86
46588, -0.05, 0, 12.90, -2.19, -9.88
46664, -0.03, 0, 12.90, -2.16, -9.92
46740, 0.12, 0, 12.90, -1.92, -9.93
46816, 0.07, 0, 12.90, -2.19, -9.83
46893, 0.28, 0, 12.90, -2.15, -9.96
46969, 0.25, 0, 12.90, -2.04, -9.90
47048, 0.06, 0, 12.90, -2.24, -9.80
47124, 0.09, 0, 12.90, -2.00, -9.94
47200, 0.21, 0, 12.90, -1.86, -9.89
47277, 0.18, 0, 12.90, -2.01, -9.87
47353, 0.10, 0, 12.90, -2.23, -9.86
47430, 0.10, 0, 12.90, -2.00, -9.90
47505, 0.16, 0, 12.90, -2.02, -9.83
47582, 0.06, 0, 12.90, -2.27, -9.83
47658, 0.13, 0, 12.90, -1.93, -9.96
47735, 0.10, 0, 12.90, -1.87, -9.96
47810, 0.22, 0, 12.90, -2.06, -9.85
47887, 0.18, 0, 12.90, -2.27, -9.93
47963, 0.18, 0, 12.90, -1.91, -9.89
48040, 0.10, 0, 12.90, -2.13, -9.84
48119, 0.09, 0, 12.90, -2.12, -9.86
48196, 0.05, 0, 12.90, -1.84, -9.91
48271, 0.18, 0, 12.90, -2.17, -9.84
48348, 0.13, 0, 12.90, -2.23, -9.92
48425, 0.10, 0, 12.90, -2.21, -9.93
48501, 0.26, 0, 12.90, -1.84, -9.93
48577, 0.07, 0, 12.90, -2.17, -9.86
48653, 0.00, 0, 12.90, -2.09, -9.88
48734, 0.14, 0, 12.90, -1.94, -9.87
48812, -0.09, 0, 12.90, -2.25, -9.89
48889, 0.24, 0, 12.90, -1.98, -9.90
48966, 0.18, 0, 12.90, -1.93, -9.85
49041, 0.05, 0, 12.90, -2.30, -9.84
49121, 0.00, 0, 12.90, -2.03, -9.94
49197, 0.18, 0, 12.90, -1.94, -9.86
49274, 0.00, 0, 12.90, -2.24, -9.85
49350, 0.02, 0, 12.90, -2.20, -9.89
49426, 0.23, 0, 12.90, -2.00, -9.99
49503, 0.05, 0, 12.90, -2.10, -9.86
49579, -0.05, 0, 12.90, -2.26, -9.88
49656, 0.01, 0, 12.90, -1.93, -9.94
49733, -0.07, 0, 12.90, -2.10, -9.82
49808, -0.11, 0, 12.90, -2.24, -9.89
49885, -0.04, 0, 12.90, -2.22, -9.89
49962, 0.14, 0, 12.90, -1.98, -9.87
50038, 0.07, 0, 12.90, -2.20, -9.79
50114, -0.00, 0, 12.90, -2.10, -9.92
50193, 0.25, 0, 12.90, -1.87, -9.88
50270, 0.08, 0, 12.90, -2.12, -9.82
50346, 0.02, 0, 12.90, -2.01, -9.92
50423, -0.05, 0, 12.90, -1.98, -9.89
50500, -0.07, 0, 12.90, -1.96, -9.88
50575, -0.10, 0, 12.90, -2.35, -9.83
50652, 0.00, 0, 12.90, -2.11, -9.93
50729, -0.05, 0, 12.90, -1.97, -9.88
50805, -0.14, 0, 12.90, -2.23, -9.85
50881, 0.08, 0, 12.90, -2.07, -9.91
50957, 0.02, 0, 12.90, -1.95, -9.82
51039, -0.10, 0, 12.90, -2.27, -9.84
51117, -0.05, 0, 12.90, -2.04, -9.94
51194, 0.12, 0, 12.90, -1.94, -9.87
51273, -0.18, 0, 12.90, -2.33, -9.87
51349, 0.07, 0, 12.90, -1.92, -9.92
51425, 0.05, 0, 12.90, -1.98, -9.86
51502, -0.01, 0, 12.90, -2.07, -9.83
51578, -0.10, 0, 12.90, -2.38, -9.85
51655, 0.02, 0, 12.90, -2.03, -9.93
51731, -0.01, 0, 12.90, -2.11, -9.79
51807, -0.07, 0, 12.90, -2.24, -9.92
51884, 0.20, 0, 12.90, -1.98, -9.87
51961, 0.01, 0, 12.90, -2.21, -9.75
52037, 0.00, 0, 12.90, -2.09, -9.86
52113, -0.11, 0, 12.90, -2.26, -9.88
52189, 0.12, 0, 12.90, -1.94, -9.91
52269, -0.04, 0, 12.90, -2.21, -9.84
52345, -0.03, 0, 12.90, -2.19, -9.89
52422, 0.08, 0, 12.90, -1.89, -9.89
52498, -0.06, 0, 12.90, -2.23, -9.83
52574, 0.00, 0, 12.90, -2.17, -9.88
52651, 0.04, 0, 12.90, -2.00, -9.89
52728, 0.05, 0, 12.90, -1.92, -9.93
52804, -0.15, 0, 12.90, -2.35, -9.85
52880, -0.07, 0, 12.90, -2.10, -9.93
52956, 0.06, 0, 12.90, -1.90, -9.86
53033, -0.04, 0, 12.90, -2.34, -9.83
53110, 0.05, 0, 12.90, -2.04, -9.91
53185, 0.12, 0, 12.90, -2.03, -9.91
53262, -0.09, 0, 12.90, -2.08, -9.83
53347, -0.05, 0, 12.90, -1.96, -9.99
53424, -0.01, 0, 12.90, -1.96, -9.85
53501, -0.18, 0, 12.90, -2.31, -9.87
53577, -0.02, 0, 12.90, -1.98, -9.89
53653, 0.06, 0, 12.90, -2.08, -9.82
53730, -0.05, 0, 12.90, -2.11, -9.88
53806, -0.09, 0, 12.90, -2.34, -9.91
53883, 0.10, 0, 12.90, -1.95, -9.90
53960, -0.02, 0, 12.90, -2.09, -9.76
54035, -0.07, 0, 12.90, -2.29, -9.84
54112, -0.02, 0, 12.90, -1.95, -9.96
54189, 0.09, 0, 12.90, -2.15, -9.88
54265, -0.06, 0, 12.90, -2.14, -9.82
54342, -0.00, 0, 12.90, -2.19, -9.93
54420, -0.07, 0, 12.90, -2.03, -9.89
54497, -0.08, 0, 12.90, -2.24, -9.83
54573, -0.12, 0, 12.90, -2.27, -9.91
54650, -0.15, 0, 12.90, -1.97, -9.89
54726, 0.03, 0, 12.90, -2.25, -9.81
54802, -0.22, 0, 12.90, -2.13, -9.91
54878, -0.09, 0, 12.90, -2.08, -9.93
54955, -0.15, 0, 12.90, -2.03, -9.85
55031, -0.23, 0, 12.90, -2.29, -9.85
55108, -0.02, 0, 12.90, -2.00, -9.91
55183, -0.09, 0, 12.90, -2.02, -9.83
55260, -0.26, 0, 12.90, -2.36, -9.81
55336, -0.09, 0, 12.90, -2.35, -9.88
55416, -0.12, 0, 12.90, -2.14, -9.85
55492, -0.06, 0, 12.90, -2.06, -9.81
55568, -0.31, 0, 12.90, -2.42, -9.85
55649, -0.05, 0, 12.90, -2.00, -9.94
55727, -0.29, 0, 12.90, -2.39, -9.90
55803, -0.29, 0, 12.90, -2.42, -9.86
55880, -0.09, 0, 12.90, -2.06, -9.89
55955, 0.02, 0, 12.90, -2.12, -9.82
56032, -0.30, 0, 12.90, -2.31, -9.85
56108, -0.04, 0, 12.90, -1.91, -9.95
56185, -0.16, 0, 12.90, -2.14, -9.80
56262, -0.28, 0, 12.90, -2.36, -9.82
56337, -0.24, 0, 12.90, -2.21, -9.87
56414, -0.28, 0, 12.90, -2.00, -9.93
56493, -0.30, 0, 12.90, -2.28, -9.78
56570, -0.33, 0, 12.90, -2.22, -9.83
56646, -0.36, 0, 12.90, -2.06, -9.94
56722, -0.46, 0, 12.90, -2.35, -9.86
56799, -0.49, 0, 12.90, -2.16, -9.92
56875, -0.51, 0, 12.90, -1.96, -9.86
56952, -0.59, 0, 12.90, -2.03, -9.93
57029, -0.56, 0, 12.90, -2.29, -9.78
57104, -0.54, 0, 12.90, -2.06, -9.95
57181, -0.54, 0, 12.90, -1.99, -9.88
57258, -0.54, 0, 12.90, -2.32, -9.74
57335, -0.68, 0, 12.90, -2.08, -9.91
57410, -0.49, 0, 12.90, -1.97, -9.86
57490, -0.62, 0, 12.90, -2.31, -9.83
57566, -0.33, 0, 12.90, -2.00, -9.87
57643, -0.53, 0, 12.90, -1.94, -9.95
57720, -0.48, 0, 12.90, -2.07, -9.86
57796, -0.60, 0, 12.90, -2.27, -9.84
57872, -0.48, 0, 12.90, -1.97, -9.91
57953, -0.53, 0, 12.90, -1.97, -9.82
58031, -0.68, 0, 12.90, -2.30, -9.85
58108, -0.51, 0, 12.90, -2.01, -9.89
58185, -0.55, 0, 12.90, -2.13, -9.80
58260, -0.64, 0, 12.90, -2.26, -9.87
58337, -0.55, 0, 12.90, -1.97, -9.92
58414, -0.60, 0, 12.90, -2.19, -9.81
58490, -0.57, 0, 12.90, -2.28, -9.82
58570, -0.59, 0, 12.90, -1.99, -9.93
58645, -0.40, 0, 12.90, -1.94, -9.89
58722, -0.62, 0, 12.90, -2.26, -9.81
58799, -0.62, 0, 12.90, -2.23, -9.89
58875, -0.51, 0, 12.90, -1.97, -9.92
58952, -0.73, 0, 12.90, -2.35, -9.77
59028, -0.60, 0, 12.90, -2.09, -9.86
59104, -0.53, 0, 12.90, -2.09, -10.07
59181, -0.50, 0, 12.90, -1.90, -9.86
59258, -0.61, 0, 12.90, -2.27, -9.86
59334, -0.52, 0, 12.90, -2.11, -9.92
59410, -0.53, 0, 12.90, -1.92, -9.84
59487, -0.75, 0, 12.90, -2.28, -9.86
59566, -0.57, 0, 12.90, -2.12, -9.90
59643, -0.49, 0, 12.90, -1.90, -9.90
59719, -0.66, 0, 12.90, -2.34, -9.81
59795, -0.58, 0, 12.90, -2.34, -9.88
59871, -0.69, 0, 12.90, -2.07, -9.88
59948, -0.64, 0, 12.90, -1.97, -9.87
60025, -0.61, 0, 12.90, -2.28, -9.85
60101, -0.61, 0, 12.90, -2.01, -9.94
60177, -0.51, 0, 12.90, -1.93, -9.85
60258, -0.63, 0, 12.90, -2.42, -9.89
60336, -0.55, 0, 12.90, -2.01, -9.93
60413, -0.57, 0, 12.90, -2.05, -9.83
60490, -0.65, 0, 12.90, -2.32, -9.86
60565, -0.50, 0, 12.90, -1.99, -9.91
60645, -0.69, 0, 12.90, -2.10, -9.77
60722, -0.71, 0, 12.90, -2.25, -9.88
60798, -0.52, 0, 12.90, -1.96, -9.88
60875, -0.63, 0, 12.90, -1.90, -9.86
60951, -0.55, 0, 12.90, -2.28, -9.83
61027, -0.66, 0, 12.90, -2.06, -9.83
61104, -0.58, 0, 12.90, -1.96, -9.90
61181, -0.78, 1, 12.90, -2.26, -9.85
61257, -0.65, 0, 12.90, -2.05, -9.88
61333, -0.54, 0, 12.90, -1.97, -9.83
61410, -0.55, 0, 12.90, -2.10, -9.83
61486, -0.69, 0, 12.90, -2.24, -9.85
61563, -0.46, 0, 12.90, -1.99, -9.91
61642, -0.44, 0, 12.90, -2.00, -9.80
61718, -0.78, 1, 12.90, -2.30, -9.89
61795, -0.59, 0, 12.90, -2.00, -9.91
61871, -0.65, 0, 12.90, -2.05, -9.86
61948, -0.55, 0, 12.90, -2.36, -9.80
62025, -0.50, 0, 12.90, -2.28, -9.84
62100, -0.57, 0, 12.90, -1.93, -9.96
62177, -0.43, 0, 12.90, -2.08, -9.80
62254, -0.48, 0, 12.90, -2.32, -9.83
62330, -0.41, 0, 12.90, -1.95, -9.92
62407, -0.21, 0, 12.90, -2.21, -9.79
62483, -0.43, 0, 12.90, -2.24, -9.83
62564, -0.25, 0, 12.90, -2.00, -9.93
62645, -0.27, 0, 12.90, -2.18, -9.78
62721, -0.25, 0, 12.90, -2.21, -9.83
62798, 0.09, 0, 12.90, -1.94, -9.83
62874, -0.59, 0, 12.90, -2.15, -9.85
62950, -0.60, 0, 12.90, -2.35, -9.76
63026, -0.71, 0, 12.90, -2.17, -9.84
63103, -0.69, 0, 12.90, -1.86, -9.97
63179, -0.70, 0, 12.90, -2.28, -9.74
63255, -0.66, 0, 12.90, -2.07, -9.85
63331, -0.58, 0, 12.90, -1.88, -9.85
63408, -0.63, 0, 12.90, -2.19, -9.77
63485, -0.77, 1, 12.90, -2.33, -9.82
63561, -0.76, 1, 12.90, -2.09, -9.89
63637, -0.81, 1, 12.90, -1.97, -9.92
63716, -0.79, 1, 12.90, -2.36, -9.79
63793, -0.77, 1, 12.90, -2.10, -9.88
63869, -0.79, 1, 12.90, -2.07, -9.82
63946, -0.82, 1, 12.90, -2.39, -9.82
64021, -0.71, 0, 12.90, -2.10, -9.93
64098, -0.65, 0, 12.90, -1.91, -10.00
64174, -0.83, 1, 12.90, -2.13, -9.81
64251, -1.04, 1, 12.90, -2.26, -9.79
64328, -1.01, 1, 12.90, -1.91, -9.95
64403, -0.86, 1, 12.90, -2.14, -9.69
64480, -1.29, 1, 12.90, -2.23, -9.84
64556, -1.12, 1, 12.90, -2.17, -9.86
64633, -1.25, 1, 12.90, -1.86, -9.86
64712, -1.33, 1, 12.90, -2.21, -9.79
64788, -1.30, 1, 12.90, -2.18, -9.86
64869, -1.23, 1, 12.90, -2.23, -9.74
64947, -1.26, 1, 12.90, -2.21, -9.83
65023, -1.11, 1, 12.90, -2.12, -9.87
65100, -1.33, 1, 12.90, -1.92, -9.89
65177, -1.35, 1, 12.90, -2.22, -9.79
65253, -1.25, 1, 12.90, -2.10, -9.85
65329, -1.20, 1, 12.90, -1.87, -9.82
65406, -1.23, 1, 12.90, -2.24, -9.77
65483, -1.21, 1, 12.90, -2.11, -9.89
65558, -0.92, 1, 12.90, -2.09, -9.93
65664, -0.48, 0, 12.90, -2.01, -9.84
65750, -0.64, 0, 12.90, -2.38, -9.85
65833, -0.53, 0, 12.90, -2.19, -9.79
65913, -0.67, 0, 12.90, -2.33, -9.85
65993, -0.48, 0, 12.90, -2.03, -9.91
66073, -0.53, 0, 12.90, -2.24, -9.76
66152, -0.62, 0, 12.90, -2.32, -9.88
66231, -0.48, 0, 12.90, -2.11, -9.75
66311, -0.61, 0, 12.90, -2.25, -9.88
66391, -0.65, 0, 12.90, -2.10, -9.90
66471, -0.53, 0, 12.90, -2.16, -9.77
66551, -0.69, 0, 12.90, -2.39, -9.86
66631, -0.52, 0, 12.90, -2.24, -9.80
66710, -0.61, 0, 12.90, -2.34, -9.89
66790, -0.34, 0, 12.90, -2.04, -9.84
66872, 1.91, 3, 12.90, -0.67, -10.13
66952, -0.71, 0, 12.90, -2.02, -9.89
67032, -0.76, 1, 12.90, -2.20, -9.81
67112, -0.77, 1, 12.90, -2.28, -9.86
67192, -0.76, 1, 12.90, -2.05, -9.87
67271, -0.78, 1, 12.90, -2.10, -9.83
67350, -0.80, 1, 12.90, -2.20, -9.88
67430, -0.79, 1, 12.90, -2.22, -9.82
67510, -0.83, 1, 12.90, -2.15, -9.81
67590, -0.79, 1, 12.90, -1.98, -9.83
67670, -0.87, 1, 12.90, -2.23, -9.75
67750, -0.97, 1, 12.90, -2.33, -9.84
67830, -1.20, 1, 12.90, -2.24, -9.80
67910, -1.04, 1, 12.90, -2.22, -9.83
67991, -1.10, 1, 12.90, -2.08, -9.82
68075, -1.24, 1, 12.90, -2.34, -9.81
68155, -1.01, 1, 12.90, -1.92, -9.87
68234, -1.19, 1, 12.90, -2.09, -9.80
68314, -1.30, 1, 12.90, -2.37, -9.84
68394, -1.25, 1, 12.90, -2.16, -9.70
68474, -1.28, 1, 12.90, -2.40, -9.81
68554, -1.14, 1, 12.90, -2.15, -9.80
68634, -1.31, 1, 12.90, -2.38, -9.73
68713, -1.20, 1, 12.90, -2.34, -9.83
68793, -1.19, 1, 12.90, -2.24, -9.79
68873, -1.22, 1, 12.90, -2.47, -9.78
68952, -1.11, 1, 12.90, -2.36, -9.89
69035, -0.94, 1, 12.90, -2.16, -9.81
69115, -0.73, 0, 12.90, -2.23, -9.79
69195, -0.72, 0, 12.90, -2.08, -9.85
69275, -0.61, 0, 12.90, -2.22, -9.80
69353, -0.68, 0, 12.90, -2.43, -9.81
69433, -0.58, 0, 12.90, -2.03, -9.88
69513, -0.55, 0, 12.90, -2.17, -9.79
69593, -0.50, 0, 12.90, -2.10, -9.91
69673, -0.68, 0, 12.90, -2.11, -9.77
69753, -0.62, 0, 12.90, -2.35, -9.81
69832, -0.60, 0, 12.90, -2.10, -9.90
69911, -0.58, 0, 12.90, -2.24, -9.79
69991, -0.62, 0, 12.90, -2.43, -9.90
70070, -0.57, 0, 12.90, -2.18, -9.83
70151, -0.65, 0, 12.90, -2.00, -9.85
70230, -0.61, 0, 12.90, -2.23, -9.83
70310, -0.61, 0, 12.90, -2.18, -9.78
70390, -1.50, 1, 12.90, -2.13, -9.70
70473, -2.08, 1, 12.90, -2.39, -9.66
70553, -2.47, 1, 12.90, -2.15, -9.58
70631, -2.57, 1, 12.90, -2.40, -9.52
70710, -2.33, 1, 12.90, -2.06, -9.63
70789, -2.32, 1, 12.90, -2.41, -9.60
70866, -2.20, 1, 12.90, -1.97, -9.63
70940, -2.62, 1, 12.90, -2.26, -9.58
71016, -2.60, 1, 12.90, -1.97, -9.64
71094, -2.71, 1, 12.90, -1.99, -9.65
71175, -2.61, 1, 12.90, -2.41, -9.51
71252, -2.67, 1, 12.90, -2.21, -9.51
71328, -2.74, 1, 12.90, -2.09, -9.60
71407, -2.65, 1, 12.90, -2.10, -9.50
71484, -2.63, 1, 12.90, -2.19, -9.51
71563, -2.46, 1, 12.90, -2.11, -9.51
71643, -2.72, 1, 12.90, -2.42, -9.47
71722, -2.53, 1, 12.90, -2.10, -9.53
71801, -2.58, 1, 12.90, -2.38, -9.52
71880, -2.55, 1, 12.90, -2.28, -9.60
71958, -2.56, 1, 12.90, -2.41, -9.49
72036, -2.54, 1, 12.90, -2.35, -9.59
72115, -2.57, 1, 12.90, -2.34, -9.54
72194, -2.58, 1, 12.90, -2.35, -9.56
72276, -2.44, 1, 12.90, -2.22, -9.46
72355, -2.69, 1, 12.90, -2.40, -9.51
72434, -2.53, 1, 12.90, -1.99, -9.59
72512, -2.63, 1, 12.90, -2.39, -9.53
72591, -2.51, 1, 12.90, -2.01, -9.56
72670, -2.61, 1, 12.90, -2.43, -9.53
72749, -2.41, 1, 12.90, -2.13, -9.50
72828, -2.68, 1, 12.90, -2.26, -9.45
72910, -2.60, 1, 12.90, -2.13, -9.59
72989, -2.55, 1, 12.90, -2.37, -9.53
73067, -2.53, 1, 12.90, -2.17, -9.58
73146, -2.43, 1, 12.90, -2.14, -9.44
73227, -2.57, 1, 12.90, -2.18, -9.58
73308, -2.67, 1, 12.90, -2.42, -9.45
73387, -2.56, 1, 12.90, -2.18, -9.55
73466, -2.54, 1, 12.90, -2.45, -9.45
73545, -2.54, 1, 12.90, -2.27, -9.52
73623, -2.49, 1, 12.90, -2.46, -9.45
73702, -2.04, 1, 12.90, -2.30, -9.49
73781, -2.33, 1, 12.90, -2.38, -9.57
73861, -2.16, 1, 12.90, -2.31, -9.63
73940, -2.28, 1, 12.90, -2.09, -9.67
74019, -2.31, 1, 12.90, -2.33, -9.61
74098, -2.31, 1, 12.90, -2.12, -9.65
74176, -2.32, 1, 12.90, -2.45, -9.52
74256, -2.25, 1, 12.90, -2.08, -9.69
74335, -2.17, 1, 12.90, -2.24, -9.59
74416, -1.96, 1, 12.90, -2.13, -9.64
74496, -1.64, 1, 12.90, -2.31, -9.70
74576, -1.05, 1, 12.90, -2.49, -9.67
74656, -0.19, 0, 12.90, -2.18, -9.76
74736, -0.53, 0, 12.90, -2.41, -9.78
74815, -0.70, 0, 12.90, -2.16, -9.90
74894, -0.74, 0, 12.90, -2.22, -9.82
74974, -0.79, 1, 12.90, -2.46, -9.82
75054, -0.51, 0, 12.90, -2.13, -9.81
75134, -0.54, 0, 12.90, -2.39, -9.82
75214, -0.54, 0, 12.90, -2.23, -9.91
75297, -0.65, 0, 12.90, -2.08, -9.79
75377, -0.88, 1, 12.90, -2.32, -9.81
75460, -0.87, 1, 12.90, -2.01, -9.88
75537, -0.85, 1, 12.90, -2.40, -9.83
75615, -0.93, 1, 12.90, -2.03, -9.73
75690, -0.83, 1, 12.90, -2.13, -9.85
75765, -0.93, 1, 12.90, -2.42, -9.79
75845, -0.70, 0, 12.90, -2.05, -9.59
75923, -0.89, 1, 12.90, -2.44, -9.67
76003, -1.20, 1, 12.90, -2.13, -9.83
76080, -1.93, 1, 12.90, -2.29, -9.70
76160, -1.62, 1, 12.90, -2.32, -10.07
76239, -1.96, 1, 12.90, -2.42, -9.79
76318, -1.80, 1, 12.90, -2.18, -9.75
76396, -1.85, 1, 12.90, -2.25, -9.68
76475, -1.76, 1, 12.90, -1.62, -9.45
76557, -1.27, 1, 12.90, -2.62, -9.78
76636, -1.51, 1, 12.90, -2.07, -9.71
76715, -1.48, 1, 12.90, -2.45, -9.88
76794, -0.62, 0, 12.90, -1.64, -9.68
76874, -0.95, 1, 12.90, -1.82, -9.56
76953, -1.18, 1, 12.90, -2.08, -9.96
77031, -1.11, 1, 12.90, -1.82, -9.91
77110, -1.15, 1, 12.90, -2.00, -9.78
77189, -0.97, 1, 12.90, -1.84, -9.74
77267, -1.66, 1, 12.90, -2.05, -9.76
77343, -1.98, 1, 12.90, -2.22, -9.72
77420, -0.28, 0, 12.90, -1.58, -9.82
77500, -0.54, 0, 12.90, -2.33, -9.96
77587, 0.57, 0, 12.90, -1.81, -10.52
77667, 0.05, 0, 12.90, -0.95, -10.09
77746, 0.09, 0, 12.90, -1.28, -9.82
77826, -0.11, 0, 12.90, -1.18, -9.92
77906, -0.04, 0, 12.90, -1.43, -10.10
77986, 0.03, 0, 12.90, -1.12, -10.16
78066, 0.15, 0, 12.90, -1.12, -10.25
78145, -0.26, 0, 12.90, -1.05, -9.86
78225, -0.29, 0, 12.90, -1.38, -10.00
78305, -0.21, 0, 12.90, -1.49, -9.71
78385, -0.19, 0, 12.90, -1.26, -9.91
78464, -0.02, 0, 12.90, -1.38, -9.90
78544, -0.08, 0, 12.90, -1.26, -9.91
78624, -0.14, 0, 12.90, -1.55, -10.02
78707, 0.07, 0, 12.90, -1.22, -9.90
78786, -0.17, 0, 12.90, -1.47, -9.95
78865, -0.21, 0, 12.90, -1.66, -9.99
78945, 0.23, 0, 12.90, -1.21, -9.87
79025, -0.29, 0, 12.90, -1.57, -10.00
79105, 0.01, 0, 12.90, -1.18, -9.85
79185, -0.02, 0, 12.90, -1.55, -10.03
79264, -0.11, 0, 12.90, -1.68, -10.01
79344, 0.09, 0, 12.90, -1.23, -9.88
79423, -0.12, 0, 12.90, -1.48, -9.98
79502, 0.07, 0, 12.90, -1.31, -9.84
79582, -0.05, 0, 12.90, -1.45, -9.97
79662, -0.02, 0, 12.90, -1.74, -9.98
79745, -0.06, 0, 12.90, -1.38, -9.86
79824, -0.11, 0, 12.90, -1.69, -10.01
79904, 0.04, 0, 12.90, -1.28, -9.92
79987, -0.13, 0, 12.90, -1.57, -9.93
80065, 0.00, 0, 12.90, -1.72, -9.93
80145, 0.07, 0, 12.90, -1.40, -9.93
80225, -0.11, 0, 12.90, -1.71, -10.02
80304, -0.03, 0, 12.90, -1.42, -9.95
80384, -0.17, 0, 12.90, -1.51, -9.91
80464, -0.15, 0, 12.90, -1.80, -10.03
80544, -0.06, 0, 12.90, -1.39, -9.93
80623, -0.36, 0, 12.90, -1.78, -10.03
80702, -0.08, 0, 12.90, -1.40, -9.89
80785, -0.21, 0, 12.90, -1.50, -10.10
80865, -0.22, 0, 12.90, -1.48, -9.93
80944, -0.60, 0, 12.90, -1.79, -9.74
81024, -0.36, 0, 12.90, -2.00, -9.95
81102, -0.13, 0, 12.90, -1.51, -9.93
81177, -0.19, 0, 12.90, -1.56, -9.89
81250, -0.22, 0, 12.90, -1.56, -9.91
81326, -0.31, 0, 12.90, -1.73, -9.95
81403, -0.21, 0, 12.90, -1.84, -10.03
81480, -0.30, 0, 12.90, -1.89, -9.98
81557, -0.10, 0, 12.90, -1.53, -9.89
81635, -0.14, 0, 12.90, -1.72, -9.97
81713, -0.06, 0, 12.90, -1.42, -9.91
81792, -0.12, 0, 12.90, -1.66, -9.94
81872, -0.23, 0, 12.90, -1.71, -9.89
81950, 0.09, 0, 12.90, -1.39, -9.91
82025, -0.28, 0, 12.90, -1.72, -9.93
82102, -0.13, 0, 12.90, -1.40, -9.91
82177, -0.03, 0, 12.90, -1.80, -9.99
82254, -0.25, 0, 12.90, -1.83, -9.99
82330, -0.22, 0, 12.90, -1.56, -9.93
82407, -0.22, 0, 12.90, -1.63, -9.93
82481, -0.19, 0, 12.90, -1.45, -9.84
82555, -0.10, 0, 12.90, -1.53, -10.01
82631, -0.02, 0, 12.90, -1.84, -9.95
82706, -0.11, 0, 12.90, -1.67, -9.94
82783, -0.30, 0, 12.90, -1.47, -9.94
82864, -0.20, 0, 12.90, -1.78, -9.99
82944, -0.16, 0, 12.90, -1.62, -9.89
83023, -0.18, 0, 12.90, -1.78, -10.00
83103, -0.80, 1, 12.90, -1.25, -9.73
83183, -0.33, 0, 12.90, -1.40, -9.89
83262, 0.41, 0, 12.90, -1.41, -10.34
83342, -0.28, 0, 12.90, -1.82, -9.67
83421, 0.92, 3, 12.90, -0.90, -9.70
83501, -0.13, 0, 12.90, -1.38, -10.14
83581, -0.17, 0, 12.90, -1.59, -9.53
83661, 0.22, 0, 12.90, -1.46, -8.97
83740, -0.50, 0, 12.90, -0.76, -11.49
83819, 0.26, 0, 12.90, -1.01, -10.20
83899, 1.06, 3, 12.90, -0.98, -9.13
83982, -0.25, 0, 12.90, -1.73, -9.98
84061, -0.18, 0, 12.90, -1.27, -9.30
84141, 0.53, 0, 12.90, -2.48, -12.52
84221, 1.05, 3, 12.90, -0.89, -8.51
84301, 0.12, 0, 12.90, -2.16, -10.44
84380, 1.10, 3, 12.90, -0.97, -10.41
84459, 0.32, 0, 12.90, -1.60, -10.08
84539, 0.56, 0, 12.90, -1.21, -9.90
84619, 0.60, 0, 12.90, -1.54, -9.90
84698, 0.37, 0, 12.90, -1.64, -10.02
84782, 1.04, 3, 12.90, -1.34, -9.96
84861, 0.32, 0, 12.90, -1.97, -10.05
84941, 0.06, 0, 12.90, -1.59, -9.66
85024, 0.40, 0, 12.90, -1.64, -10.00
85104, 0.67, 0, 12.90, -1.31, -10.07
85183, 0.26, 0, 12.90, -1.87, -9.93
85262, 0.40, 0, 12.90, -1.88, -9.96
85342, 0.08, 0, 12.90, -1.67, -9.88
85424, 0.35, 0, 12.90, -2.07, -10.07
85504, 0.20, 0, 12.90, -1.58, -9.76
85583, 0.40, 0, 12.90, -1.62, -9.90
85663, 0.26, 0, 12.90, -1.83, -9.87
85743, 0.05, 0, 12.90, -1.62, -9.87
85822, 0.23, 0, 12.90, -1.59, -9.94
85901, 0.31, 0, 12.90, -1.64, -9.83
85981, 0.44, 0, 12.90, -1.68, -9.91
86062, 0.13, 0, 12.90, -1.90, -10.10
86144, 0.48, 0, 12.90, -1.46, -9.92
86224, 0.21, 0, 12.90, -1.87, -9.97
86304, 0.13, 0, 12.90, -1.58, -9.89
86384, 0.53, 0, 12.90, -1.39, -9.97
86462, 0.51, 0, 12.90, -1.70, -10.08
86542, 0.34, 0, 12.90, -1.08, -9.83
86622, 0.08, 0, 12.90, -1.62, -10.79
86701, 0.29, 0, 12.90, -1.11, -9.91
86781, 0.21, 0, 12.90, -1.16, -9.90
86861, 0.09, 0, 12.90, -1.49, -10.12
86941, 0.31, 0, 12.90, -0.95, -9.88
87020, -0.13, 0, 12.90, -1.63, -10.08
87100, 0.25, 0, 12.90, -1.03, -9.93
87184, 0.37, 0, 12.90, -1.24, -9.97
87266, 0.34, 0, 12.90, -1.02, -9.89
87346, 0.21, 0, 12.90, -1.09, -9.91
87426, 0.20, 0, 12.90, -1.39, -10.08
87506, 0.41, 0, 12.90, -1.02, -9.91
87586, 0.25, 0, 12.90, -1.15, -10.73
87666, 1.06, 3, 12.90, -0.14, -11.38
87744, 0.76, 3, 12.90, -1.18, -9.79
87824, 1.81, 3, 12.90, -2.76, -10.87
87904, 3.92, 3, 12.90, -0.36, -7.34
87984, 8.73, 2, 12.90, 2.07, -4.75
88064, 7.82, 2, 12.90, 3.83, 0.61
88144, 9.36, 2, 12.90, 2.64, 4.14
88223, 8.75, 2, 12.90, 1.37, 4.09
88303, 9.47, 2, 12.90, 1.80, 5.08
88385, 9.21, 2, 12.90, 0.29, 4.82
88464, 7.32, 2, 12.90, 1.06, 5.95
88544, 7.44, 2, 12.90, 2.28, 5.73
88624, 7.31, 2, 12.90, 1.96, 5.53
88703, 8.10, 2, 12.90, 1.40, 5.51
88783, 7.67, 2, 12.90, 1.16, 5.71
88862, 7.80, 2, 12.90, 0.75, 5.79
88942, 8.62, 2, 12.90, 1.43, 4.60
89021, 8.25, 2, 12.90, 1.45, 4.65
89100, 8.15, 2, 12.90, 1.18, 4.48
89180, 7.81, 2, 12.90, 1.81, 4.74
89259, 7.24, 2, 12.90, 1.63, 5.01
89339, 9.47, 2, 12.90, 1.34, 3.77
89419, 9.16, 2, 12.90, 1.29, 3.21
89501, 8.75, 2, 12.90, 1.42, 4.01
89584, 8.78, 2, 12.90, 0.96, 3.42
89662, 9.29, 2, 12.90, 0.76, 3.83
89742, 8.47, 2, 12.90, 0.87, 4.05
89821, 8.46, 2, 12.90, 0.30, 4.51
89901, 8.80, 2, 12.90, 0.66, 4.14
89981, 8.70, 2, 12.90, 0.30, 4.33
90060, 8.76, 2, 12.90, 0.70, 4.33
90140, 8.63, 2, 12.90, 0.32, 4.03
90219, 9.04, 2, 12.90, 0.03, 3.93
90298, 9.43, 2, 12.90, -0.38, 3.98
90377, 9.82, 2, 12.90, 0.04, 2.40
90457, 9.07, 2, 12.90, -1.05, 1.68
90537, 9.23, 2, 12.90, -1.23, 0.69
90617, 9.65, 2, 12.90, -0.85, 0.05
90701, 9.54, 2, 12.90, -1.24, -0.08
90781, 9.67, 2, 12.90, -1.20, -0.42
90858, -0.00, 0, 12.90, -0.00, -0.00
90937, 10.94, 2, 12.90, 1.32, 0.37
91017, 8.75, 2, 12.90, 1.05, -1.26
91097, 9.23, 2, 12.90, 1.12, -2.52
91177, 9.32, 2, 12.90, 1.73, -3.34
91257, 9.19, 2, 12.90, 1.09, -1.08
91337, 10.76, 2, 12.90, 1.02, 0.62
91415, 9.57, 2, 12.90, 0.64, 2.98
91495, 8.47, 2, 12.90, 0.50, 3.77
91575, 8.61, 2, 12.90, 0.56, 4.60
91655, 8.66, 2, 12.90, 0.20, 4.67
91735, 7.70, 2, 12.90, 0.58, 6.10
91817, 7.74, 2, 12.90, 0.43, 6.35
91897, 8.23, 2, 12.90, 0.96, 6.43
91980, 7.47, 2, 12.90, 0.21, 6.12
92060, 6.45, 3, 12.90, 0.48, 6.53
92139, 6.73, 2, 12.90, 0.54, 7.23
92218, 7.08, 2, 12.90, 0.62, 7.17
92300, 7.92, 2, 12.90, 0.80, 6.27
92380, 7.23, 2, 12.90, 1.97, 8.67
92459, 6.50, 2, 12.90, -0.70, 7.69
92539, 9.40, 2, 12.90, -0.93, 2.54
92619, 8.69, 2, 12.90, -0.01, 2.98
92699, 8.58, 2, 12.90, 0.31, 2.99
92777, 7.71, 2, 12.90, 0.96, 4.78
92857, 7.50, 2, 12.90, 1.38, 5.97
92937, 6.08, 3, 12.90, 0.89, 7.62
93019, 6.33, 3, 12.90, 0.18, 6.78
93099, 5.76, 3, 12.90, -0.04, 8.77
93179, 5.53, 3, 12.90, 0.12, 7.85
93259, 5.37, 3, 12.90, 0.52, 8.11
93339, 5.15, 3, 12.90, 0.19, 8.06
93417, 5.11, 3, 12.90, 0.27, 8.27
93497, 5.53, 3, 12.90, -0.22, 7.89
93576, 6.03, 3, 12.90, -0.26, 8.03
93656, 6.16, 3, 12.90, -0.31, 7.28
93736, 5.69, 3, 12.90, -0.49, 7.49
93816, 6.13, 3, 12.90, -0.69, 7.80
93896, 7.12, 2, 12.90, -0.37, 7.28
93974, 10.23, 2, 12.90, -0.63, 1.26
94054, 9.02, 2, 12.90, 0.86, -0.53
94136, 7.59, 2, 12.90, 3.01, -4.36
94216, 6.15, 3, 12.90, 3.02, -6.21
94295, 6.68, 2, 12.90, 3.26, -7.36
94379, 5.20, 3, 12.90, 3.18, -7.98
94458, 6.17, 3, 12.90, 3.71, -8.80
94538, 3.86, 3, 12.90, 0.61, -9.75
94618, 4.75, 3, 12.90, -0.17, -8.52
94699, 4.61, 3, 12.90, -1.14, -8.44
94779, 4.73, 3, 12.90, 0.30, -9.22
94858, 4.51, 3, 12.90, 0.64, -9.41
94938, 4.99, 3, 12.90, 0.40, -7.76
95018, 5.47, 3, 12.90, 0.26, -9.53
95098, 3.76, 3, 12.90, -1.76, -7.66
95178, 4.14, 3, 12.90, -1.11, -8.71
95260, 4.03, 3, 12.90, -1.45, -8.39
95340, 3.87, 3, 12.90, -0.57, -9.95
95420, 1.86, 3, 12.90, -1.28, -13.42
95500, 2.34, 3, 12.90, -0.63, -8.78
95580, 2.41, 3, 12.90, -0.77, -9.37
95659, 1.70, 3, 12.90, 0.31, -9.69
95739, 2.26, 3, 12.90, -0.18, -9.59
95819, 2.47, 3, 12.90, -0.11, -9.62
95898, 2.28, 3, 12.90, -0.28, -9.61
95977, 2.39, 3, 12.90, 0.24, -9.70
96057, 2.35, 3, 12.90, -0.26, -9.51
96137, 2.07, 3, 12.90, -0.02, -9.44
96217, 2.44, 3, 12.90, -0.40, -9.80
96297, 2.37, 3, 12.90, -0.30, -9.68
96379, 2.38, 3, 12.90, 0.00, -9.60
96459, 2.47, 3, 12.90, -0.20, -9.68
96538, 2.17, 3, 12.90, -0.10, -9.66
96617, 2.24, 3, 12.90, -0.00, -9.64
96697, 2.15, 3, 12.90, -0.42, -9.90
96780, 2.83, 3, 12.90, 0.59, -9.70
96860, 3.21, 3, 12.90, 0.65, -9.41
96939, 2.87, 3, 12.90, 0.38, -9.49
97021, 2.89, 3, 12.90, 0.01, -9.38
97101, 2.58, 3, 12.90, -0.09, -10.10
97181, 1.41, 3, 12.90, -0.76, -10.38
97260, 1.94, 3, 12.90, -0.73, -9.67
97340, 2.72, 3, 12.90, -0.44, -9.43
97420, 1.58, 3, 12.90, -0.25, -10.08
97502, 2.96, 3, 12.90, 0.75, -9.53
97582, 0.91, 3, 12.90, -0.22, -11.54
97662, 1.78, 3, 12.90, 0.97, -10.21
97742, 0.91, 3, 12.90, 0.17, -8.68
97822, 1.14, 3, 12.90, -0.01, -11.53
97902, 3.92, 3, 12.90, -3.88, -3.73
97980, 4.07, 3, 12.90, -0.92, -10.02
98060, 4.23, 3, 12.90, -0.58, -8.81
98140, 5.08, 3, 12.90, -4.25, -7.89
98219, 7.01, 2, 12.90, -0.53, -9.40
98299, 6.14, 3, 12.90, -1.74, -7.45
98379, 5.25, 3, 12.90, 0.65, -7.33
98458, 5.74, 3, 12.90, -0.71, -8.30
98537, 5.96, 3, 12.90, -0.87, -8.07
98628, 6.27, 3, 12.90, -0.66, -7.99
98707, 4.93, 3, 12.90, -1.25, -7.28
98787, 6.08, 3, 12.90, 0.29, -7.76
98866, 6.95, 2, 12.90, 1.05, -9.54
98946, 7.31, 2, 12.90, -3.44, -7.97
99026, 4.01, 3, 12.90, -5.35, -7.46
99109, 3.54, 3, 12.90, -5.46, -7.32
99188, 2.73, 3, 12.90, -4.19, -8.61
99268, 3.84, 3, 12.90, -2.95, -7.60
99349, 3.44, 3, 12.90, -2.63, -8.42
99428, 3.45, 3, 12.90, -1.70, -9.88
99508, 2.10, 3, 12.90, -1.74, -8.86
99588, 2.43, 3, 12.90, -2.06, -10.49
99668, 1.69, 3, 12.90, -2.21, -10.41
99750, 3.80, 3, 12.90, -1.22, -11.47
99830, 1.48, 3, 12.90, -0.05, -9.00
99910, 2.28, 3, 12.90, -0.33, -9.88
99989, 3.76, 3, 12.90, -1.53, -14.72
100069, -0.95, 1, 12.90, -3.11, -10.08
100149, 0.43, 0, 12.90, -0.46, -10.84
100230, 1.27, 3, 12.90, -0.73, -10.06
100310, 1.79, 3, 12.90, -1.64, -9.91
100389, 1.26, 3, 12.90, -1.80, -10.03
100469, 1.67, 3, 12.90, -1.26, -9.72
100549, 2.93, 3, 12.90, -2.17, -9.89
100628, 1.95, 3, 12.90, -1.04, -9.87
100708, 1.56, 3, 12.90, -1.92, -9.76
100791, 1.65, 3, 12.90, -1.57, -9.76
100871, 2.13, 3, 12.90, -0.84, -8.94
100951, 1.92, 3, 12.90, -1.80, -9.87
101031, 2.22, 3, 12.90, -1.48, -9.79
101111, 2.15, 3, 12.90, -1.76, -9.87
101191, 0.29, 0, 12.90, -3.67, -10.44
101270, 1.21, 3, 12.90, 0.04, -9.67
101350, 2.09, 3, 12.90, -2.22, -9.72
101430, 1.71, 3, 12.90, -1.76, -9.71
101513, 1.46, 3, 12.90, -1.79, -9.81
101595, 1.58, 3, 12.90, -1.48, -9.82
101675, 1.43, 3, 12.90, -1.30, -9.83
101755, 1.74, 3, 12.90, -1.88, -9.64
101835, 0.77, 3, 12.90, -2.29, -9.98
101917, 1.82, 3, 12.90, -1.43, -9.60
101996, 2.24, 3, 12.90, -1.16, -9.72
102076, 1.92, 3, 12.90, -1.44, -9.94
102156, 1.63, 3, 12.90, -1.81, -9.98
102236, 2.05, 3, 12.90, -1.82, -9.72
102316, 1.82, 3, 12.90, -1.53, -9.75
102396, 1.85, 3, 12.90, -1.28, -9.85
102476, 1.79, 3, 12.90, -1.27, -9.66
102556, 2.01, 3, 12.90, -1.21, -9.80
102635, 1.70, 3, 12.90, -1.42, -9.75
102715, 1.66, 3, 12.90, -1.59, -9.77
102794, 1.71, 3, 12.90, -1.26, -9.89
102874, 1.52, 3, 12.90, -1.55, -9.72
102957, 1.77, 3, 12.90, -1.42, -9.90
103037, 1.85, 3, 12.90, -1.58, -9.83
103117, 1.95, 3, 12.90, -1.81, -9.64
103196, 2.18, 3, 12.90, -1.66, -9.66
103275, 1.72, 3, 12.90, -1.66, -9.77
103355, 2.19, 3, 12.90, -1.70, -9.71
103435, 2.03, 3, 12.90, -1.70, -9.64
103514, 1.90, 3, 12.90, -2.00, -9.64
103594, -0.44, 0, 12.90, -1.47, -10.58
103674, 1.44, 3, 12.90, -1.53, -10.60
103754, 0.33, 0, 12.90, -1.26, -10.03
103834, -0.32, 0, 12.90, -1.54, -9.94
103920, 0.02, 0, 12.90, -1.49, -9.98
104001, -0.30, 0, 12.90, -1.64, -9.87
104081, -0.59, 0, 12.90, -1.67, -9.91
104161, -0.44, 0, 12.90, -1.56, -9.91
104241, -0.39, 0, 12.90, -1.81, -9.94
104321, -0.36, 0, 12.90, -1.47, -9.96
104401, -0.33, 0, 12.90, -1.68, -9.89
104479, -0.00, 0, 12.90, -0.00, -0.00
104556, -0.00, 0, 12.90, -0.00, -0.00
104633, -0.00, 0, 12.90, -0.00, -0.00
104711, -0.00, 0, 12.90, -0.00, -0.00
104789, -0.00, 0, 12.90, -0.00, -0.00
104866, -0.00, 0, 12.90, -0.00, -0.00
104944, -0.00, 0, 12.90, -0.00, -0.00
105020, -0.00, 0, 12.90, -0.00, -0.00
105095, -0.00, 0, 12.90, -0.00, -0.00
105173, -0.00, 0, 12.90, -0.00, -0.00
105250, -0.00, 0, 12.90, -0.00, -0.00
105328, -0.00, 0, 12.90, -0.00, -0.00
105405, -0.00, 0, 12.90, -0.00, -0.00
105482, -0.00, 0, 12.90, -0.00, -0.00
105559, -0.00, 0, 12.90, -0.00, -0.00
105637, -0.00, 0, 12.90, -0.00, -0.00
105714, -0.00, 0, 12.90, -0.00, -0.00
105791, -0.00, 0, 12.90, -0.00, -0.00
105868, -0.00, 0, 12.90, -0.00, -0.00
105946, -0.00, 0, 12.90, -0.00, -0.00
106024, -0.00, 0, 12.90, -0.00, -0.00
106104, -0.00, 0, 12.90, -0.00, -0.00
106181, -0.00, 0, 12.90, -0.00, -0.00
106262, -0.00, 0, 12.90, -0.00, -0.00
106339, -0.00, 0, 12.90, -0.00, -0.00
106417, -0.00, 0, 12.90, -0.00, -0.00
106494, -0.00, 0, 12.90, -0.00, -0.00
106571, -0.00, 0, 12.90, -0.00, -0.00
106649, -0.00, 0, 12.90, -0.00, -0.00
106727, 2.22, 3, 12.90, -1.56, -9.83
106807, 2.23, 3, 12.90, -1.42, -10.14
106887, 2.84, 3, 12.90, -1.65, -9.55
106967, 4.41, 3, 12.90, -2.08, -9.78
107047, 5.17, 3, 12.90, -1.52, -9.71
107129, 6.14, 3, 12.90, -0.89, -6.78
107209, 7.26, 2, 12.90, -2.17, -3.18
107289, 9.71, 2, 12.90, -1.99, -1.83
107367, 9.79, 2, 12.90, -2.04, -0.19
107447, 10.70, 2, 12.90, -1.11, -0.88
107527, 10.01, 2, 12.90, -1.22, 0.11
107607, 10.06, 2, 12.90, -0.48, -1.13
107686, 9.62, 2, 12.90, 0.33, -2.86
107766, 9.39, 2, 12.90, 0.15, -3.51
107846, 9.69, 2, 12.90, -0.22, -3.88
107925, 9.11, 2, 12.90, -0.58, -0.19
108005, 9.29, 2, 12.90, -1.04, 2.61
108084, 9.64, 2, 12.90, -0.81, 3.72
108168, 8.47, 2, 12.90, -0.50, 4.86
108248, 7.58, 2, 12.90, -0.28, 5.35
108327, 7.76, 2, 12.90, -0.22, 5.43
108407, 8.39, 2, 12.90, -0.16, 4.72
108487, 7.93, 2, 12.90, -0.07, 5.30
108566, 7.58, 2, 12.90, -0.18, 5.57
108650, 8.45, 2, 12.90, 0.58, 5.91
108730, 7.82, 2, 12.90, 0.04, 5.48
108809, 7.75, 2, 12.90, 0.01, 6.24
108889, 8.68, 2, 12.90, -0.40, 5.33
108968, 10.51, 2, 12.90, 0.94, -2.05
109048, 8.32, 2, 12.90, 0.22, -6.85
109128, 7.19, 2, 12.90, -2.69, -7.48
109207, 6.77, 2, 12.90, -2.47, -7.10
109290, 4.17, 3, 12.90, -3.41, -6.88
109367, -0.00, 0, 12.90, -0.00, -0.00
109447, 1.47, 3, 12.90, -1.74, -9.96
109527, -0.75, 0, 12.90, -1.25, -10.63
109607, 0.20, 0, 12.90, -0.14, -12.12
109687, 4.05, 3, 12.90, 1.77, -11.67
109767, 4.13, 3, 12.90, 0.27, -4.87
109846, 7.61, 2, 12.90, -2.85, -3.74
109925, 11.72, 2, 12.90, 4.77, 2.95
110005, 9.17, 2, 12.90, -3.22, 1.75
110085, 10.91, 2, 12.90, -3.20, -0.87
110165, 11.51, 2, 12.90, -1.05, -0.63
110245, 9.85, 2, 12.90, -3.77, -1.04
110325, 11.19, 2, 12.90, -1.50, 0.49
110407, 8.47, 2, 12.90, -3.64, -2.38
110486, 9.90, 2, 12.90, -2.02, -0.78
110566, 9.85, 2, 12.90, -1.23, -2.13
110646, 10.06, 2, 12.90, -2.34, -1.04
110725, 10.24, 2, 12.90, -2.63, -1.62
110805, 7.67, 2, 12.90, -4.54, 0.97
110885, 9.58, 2, 12.90, -1.78, 0.65
110965, 7.31, 2, 12.90, -5.66, -2.89
111049, 7.75, 2, 12.90, -5.32, -5.33
111127, 7.86, 2, 12.90, -4.09, -6.29
111206, 7.59, 2, 12.90, -4.66, -6.48
111284, 7.83, 2, 12.90, -3.76, -7.20
111362, 6.65, 2, 12.90, -5.33, -4.40
111443, 10.19, 2, 12.90, -1.84, -2.89
111522, 10.51, 2, 12.90, 0.33, -2.27
111596, -0.00, 0, 12.90, -0.00, -0.00
111675, 9.74, 2, 12.90, -0.81, -0.61
111753, 9.06, 2, 12.90, 3.05, -3.70
111829, -0.00, 0, 12.90, -0.00, -0.00
111905, -0.00, 0, 12.90, -0.00, -0.00
111980, -0.00, 0, 12.90, -0.00, -0.00
112056, -0.00, 0, 12.90, -0.00, -0.00
112132, -0.00, 0, 12.90, -0.00, -0.00
112208, -0.00, 0, 12.90, -0.00, -0.00
112287, 7.86, 2, 12.90, -0.92, 0.58
112367, 9.78, 2, 12.90, 0.97, 1.43






314, 10.13, 2, 10.13, -1.20, 0.91
393, 9.18, 2, 10.13, -1.34, 1.33
472, 8.65, 2, 10.13, -0.68, 1.90
552, 8.72, 2, 10.13, -0.24, 2.10
632, 9.14, 2, 10.13, -0.56, 1.95
711, 9.58, 2, 10.13, -0.70, 2.19
791, 9.61, 2, 10.13, -1.17, 1.97
871, 9.58, 2, 10.13, -1.19, 1.89
950, 9.75, 2, 10.13, -0.55, 1.54
1030, 9.60, 2, 10.13, -0.50, 1.50
1109, 9.30, 2, 10.13, -1.21, 1.10
1189, 9.40, 2, 10.13, -0.66, 1.12
1269, 11.28, 2, 11.28, 1.48, 2.46
1349, 8.78, 2, 11.28, -0.72, 0.41
1429, 9.01, 2, 11.28, -1.98, -2.26
1511, 7.59, 2, 11.28, -0.44, -3.53
1590, 7.47, 2, 11.28, 0.69, -6.00
1670, 5.79, 2, 11.28, 1.94, -8.36
1750, 2.45, 3, 11.28, 1.82, -9.14
1830, 5.14, 3, 11.28, 1.62, -9.35
1909, 2.25, 3, 11.28, 0.30, -8.66
1989, 3.17, 3, 11.28, 1.08, -9.57
2069, 4.35, 3, 11.28, 0.86, -11.87
2149, 1.89, 3, 11.28, -0.15, -9.84
2228, 0.64, 0, 11.28, -0.35, -9.82
2308, -0.70, 0, 11.28, -0.97, -10.77
2387, -0.99, 1, 11.28, -1.97, -9.73
2467, 0.24, 0, 11.28, -2.02, -9.16
2547, 0.27, 0, 11.28, -1.45, -9.34
2630, 0.08, 0, 11.28, -1.95, -9.60
2713, -0.12, 0, 11.28, -1.81, -10.53
2792, -0.76, 1, 11.28, -1.11, -9.99
2871, -0.74, 0, 11.28, -1.80, -10.58
2953, -0.70, 0, 11.28, -1.48, -9.82
3033, 0.16, 0, 11.28, -0.64, -13.71
3112, 0.37, 0, 11.28, -1.07, -8.40
3192, -0.65, 0, 11.28, -2.25, -11.54
3272, -1.25, 1, 11.28, -1.94, -8.76
3351, -1.24, 1, 11.28, -1.53, -10.44
3431, -1.13, 1, 11.28, -2.50, -9.85
3510, -1.38, 1, 11.28, -1.84, -9.86
3590, -2.88, 1, 11.28, -1.63, -9.54
3670, -3.39, 1, 11.28, -1.58, -9.47
3752, -2.43, 1, 11.28, -1.76, -9.52
3832, -2.68, 1, 11.28, -1.99, -9.46
3912, -3.26, 1, 11.28, -2.33, -9.39
3991, -3.28, 1, 11.28, -1.88, -9.38
4071, -3.18, 1, 11.28, -1.90, -9.31
4150, -3.53, 1, 11.28, -2.34, -9.26
4229, -3.16, 1, 11.28, -2.02, -9.31
4309, -3.48, 1, 11.28, -2.57, -9.28
4389, -3.47, 1, 11.28, -2.04, -9.50
4469, -3.67, 1, 11.28, -1.66, -9.35
4548, -3.96, 1, 11.28, -2.29, -9.14
4628, -3.48, 1, 11.28, -1.91, -9.30
4708, -3.82, 1, 11.28, -2.21, -9.09
4787, -3.58, 1, 11.28, -1.72, -9.26
4869, -3.74, 1, 11.28, -1.96, -9.13
4949, -3.57, 1, 11.28, -1.72, -9.33
5029, -3.77, 1, 11.28, -2.00, -9.08
5112, -3.96, 1, 11.28, -2.09, -9.22
5192, -4.00, 1, 11.28, -1.72, -9.09
5272, -3.98, 1, 11.28, -2.12, -9.07
5352, -3.95, 1, 11.28, -2.00, -9.12
5431, -3.83, 1, 11.28, -2.17, -9.16
5511, -3.83, 1, 11.28, -2.00, -9.09
5591, -3.68, 1, 11.28, -2.20, -9.06
5670, -4.10, 1, 11.28, -2.21, -9.03
5750, -3.91, 1, 11.28, -1.91, -9.17
5830, -3.94, 1, 11.28, -2.28, -9.24
5910, -3.74, 1, 11.28, -2.47, -8.85
5993, -2.13, 1, 11.28, -2.29, -9.49
6071, -2.40, 1, 11.28, -1.82, -9.64
6151, -2.37, 1, 11.28, -1.89, -9.59
6231, -2.69, 1, 11.28, -2.08, -9.55
6311, -2.91, 1, 11.28, -2.18, -9.60
6391, -2.63, 1, 11.28, -2.05, -9.63
6471, -2.92, 1, 11.28, -1.90, -9.48
6550, -2.80, 1, 11.28, -2.03, -9.52
6630, -4.25, 1, 11.28, -1.48, -8.68
6709, -1.88, 1, 11.28, -1.94, -9.69
6789, -2.38, 1, 11.28, -1.84, -9.75
6868, -1.69, 1, 11.28, -1.75, -9.96
6948, -0.21, 0, 11.28, -2.08, -9.87
7028, -0.35, 0, 11.28, -1.91, -10.10
7111, -0.41, 0, 11.28, -1.66, -9.98
7191, -0.39, 0, 11.28, -1.79, -10.05
7270, -0.47, 0, 11.28, -1.57, -9.84
7349, 0.09, 0, 11.28, -1.74, -9.62
7429, -0.29, 0, 11.28, -1.38, -9.69
7513, -0.39, 0, 11.28, -1.68, -9.93
7592, -0.63, 0, 11.28, -1.87, -9.99
7672, -0.53, 0, 11.28, -2.04, -9.96
7752, -0.75, 1, 11.28, -1.78, -10.01
7832, -0.73, 0, 11.28, -1.67, -10.11
7912, -0.92, 1, 11.28, -1.91, -10.15
7991, -0.76, 1, 11.28, -1.65, -9.87
8071, -0.72, 0, 11.28, -1.22, -9.75
8153, -0.59, 0, 11.28, -1.11, -9.78
8233, -0.88, 1, 11.28, -1.47, -9.84
8313, -0.84, 1, 11.28, -1.54, -9.82
8393, -0.65, 0, 11.28, -2.04, -10.00
8473, -0.69, 0, 11.28, -1.91, -9.94
8553, -1.04, 1, 11.28, -1.49, -10.10
8631, -1.31, 1, 11.28, -0.81, -9.71
8711, -1.63, 1, 11.28, -1.14, -10.11
8791, -0.94, 1, 11.28, -1.74, -9.77
8871, -1.04, 1, 11.28, -1.91, -10.09
8951, -1.38, 1, 11.28, -1.85, -10.13
9031, -0.79, 1, 11.28, -1.72, -9.97
9110, -1.17, 1, 11.28, -1.68, -9.89
9190, -0.96, 1, 11.28, -1.35, -9.66
9272, -1.12, 1, 11.28, -1.43, -9.49
9352, -0.87, 1, 11.28, -1.99, -9.74
9432, -1.01, 1, 11.28, -1.85, -9.97
9512, -0.83, 1, 11.28, -1.48, -10.04
9591, -0.86, 1, 11.28, -1.14, -9.96
9671, -1.13, 1, 11.28, -1.41, -10.07
9751, -1.37, 1, 11.28, -2.00, -9.82
9831, -1.10, 1, 11.28, -1.53, -10.18
9915, -0.87, 1, 11.28, -1.39, -9.90
9993, -1.18, 1, 11.28, -1.76, -10.15
10073, -0.94, 1, 11.28, -1.75, -10.00
10153, -1.08, 1, 11.28, -1.51, -10.01
10233, -1.10, 1, 11.28, -1.36, -9.74
10313, -0.76, 1, 11.28, -1.34, -9.76
10396, -0.47, 0, 11.28, -1.57, -9.85
10476, -0.40, 0, 11.28, -1.55, -9.96
10555, -0.28, 0, 11.28, -1.31, -10.02
10634, -0.18, 0, 11.28, -0.96, -9.90
10714, -0.64, 0, 11.28, -1.21, -10.03
10794, -0.77, 1, 11.28, -1.57, -9.85
10873, -1.00, 1, 11.28, -1.75, -9.99
10953, -1.07, 1, 11.28, -2.04, -10.13
11033, -1.12, 1, 11.28, -1.84, -10.02
11113, -0.96, 1, 11.28, -1.86, -9.78
11191, -0.94, 1, 11.28, -2.24, -9.75
11271, -0.98, 1, 11.28, -1.89, -9.77
11351, -0.89, 1, 11.28, -1.77, -9.98
11434, -1.03, 1, 11.28, -1.67, -9.67
11514, -1.14, 1, 11.28, -2.03, -9.83
11593, -0.86, 1, 11.28, -2.28, -10.06
11673, -0.82, 1, 11.28, -2.08, -9.96
11753, -1.04, 1, 11.28, -2.02, -9.87
11832, -0.92, 1, 11.28, -2.14, -9.75
11911, -0.67, 0, 11.28, -2.04, -9.77
11991, -1.05, 1, 11.28, -2.12, -9.91
12071, -0.80, 1, 11.28, -2.23, -9.90
12151, -0.71, 0, 11.28, -2.10, -9.90
12231, -0.69, 0, 11.28, -2.21, -9.80
12314, -0.93, 1, 11.28, -2.16, -9.79
12394, -0.70, 0, 11.28, -2.10, -9.91
12477, -0.50, 0, 11.28, -1.85, -9.68
12556, -0.81, 1, 11.28, -1.83, -9.69
12636, -1.09, 1, 11.28, -2.22, -10.07
12716, -1.40, 1, 11.28, -2.29, -9.93
12796, -1.39, 1, 11.28, -2.36, -10.03
12875, -1.50, 1, 11.28, -2.09, -9.71
12955, -1.76, 1, 11.28, -1.91, -9.61
13035, -1.81, 1, 11.28, -1.94, -9.71
13115, -1.88, 1, 11.28, -1.96, -9.75
13193, -1.68, 1, 11.28, -1.75, -9.52
13273, -1.67, 1, 11.28, -2.15, -9.94
13353, -1.89, 1, 11.28, -2.02, -9.75
13432, -1.74, 1, 11.28, -1.90, -9.94
13512, -1.58, 1, 11.28, -1.80, -9.77
13595, -1.42, 1, 11.28, -2.31, -9.45
13675, -1.33, 1, 11.28, -2.35, -9.32
13754, -1.70, 1, 11.28, -2.08, -9.47
13833, -1.92, 1, 11.28, -1.95, -9.63
13913, -2.21, 1, 11.28, -2.23, -10.05
13993, -3.60, 1, 11.28, -2.34, -10.39
14073, -3.25, 1, 11.28, -2.37, -9.52
14153, -2.20, 1, 11.28, -1.98, -8.77
14233, -2.53, 1, 11.28, -2.61, -9.50
14313, -1.66, 1, 11.28, -2.02, -9.52
14392, -2.42, 1, 11.28, -1.96, -9.80
14472, -2.34, 1, 11.28, -2.39, -9.84
14552, -2.14, 1, 11.28, -2.21, -9.60
14634, -3.30, 1, 11.28, -1.81, -9.79
14718, -4.07, 1, 11.28, -2.24, -9.97
14798, -3.27, 1, 11.28, -3.39, -10.08
14878, -2.56, 1, 11.28, -2.68, -9.94
14957, -2.97, 1, 11.28, -2.47, -10.17
15037, -1.30, 1, 11.28, -2.08, -8.29
15116, -1.20, 1, 11.28, -0.39, -9.42
15196, -1.25, 1, 11.28, -0.41, -9.74
15276, -1.15, 1, 11.28, -1.25, -10.20
15356, -1.60, 1, 11.28, -2.76, -10.21
15436, -1.67, 1, 11.28, -1.63, -10.02
15516, -3.18, 1, 11.28, -1.94, -11.08
15596, -2.32, 1, 11.28, -1.58, -8.34
15676, -2.09, 1, 11.28, -0.57, -9.19
15759, -2.19, 1, 11.28, -0.36, -8.65
15838, -2.53, 1, 11.28, -0.35, -9.88
15918, -2.27, 1, 11.28, -0.62, -8.52
15998, -3.10, 1, 11.28, -1.31, -10.80
16078, -2.66, 1, 11.28, -1.57, -10.11
16158, -1.98, 1, 11.28, -0.83, -9.75
16237, -3.09, 1, 11.28, -1.13, -9.91
16317, -2.64, 1, 11.28, -0.27, -10.01
16396, -2.28, 1, 11.28, 0.84, -8.96
16476, -3.41, 1, 11.28, -0.61, -9.41
16556, -3.36, 1, 11.28, 0.23, -9.01
16635, -3.02, 1, 11.28, -1.15, -10.32
16715, -4.30, 1, 11.28, -1.30, -11.60
16798, -3.96, 1, 11.28, -1.64, -10.33
16878, -3.16, 1, 11.28, -1.76, -10.49
16958, -2.58, 1, 11.28, -0.76, -9.98
17037, -3.06, 1, 11.28, 0.69, -9.12
17121, -2.22, 1, 11.28, 0.55, -8.82
17200, -2.87, 1, 11.28, -1.10, -9.89
17280, -1.83, 1, 11.28, -0.30, -9.86
17360, -2.74, 1, 11.28, -1.26, -10.49
17440, -2.97, 1, 11.28, -0.94, -9.64
17520, -3.37, 1, 11.28, -1.42, -10.15
17600, -2.71, 1, 11.28, -0.94, -9.96
17680, -2.39, 1, 11.28, -0.94, -9.87
17759, -3.56, 1, 11.28, -0.62, -9.12
17841, -4.19, 1, 11.28, -0.38, -9.14
17921, -3.83, 1, 11.28, -1.35, -9.51
18001, -3.35, 1, 11.28, -1.89, -9.76
18081, -3.21, 1, 11.28, -1.47, -9.73
18161, -2.15, 1, 11.28, -0.66, -9.31
18241, -2.97, 1, 11.28, -0.73, -9.64
18321, -2.95, 1, 11.28, -1.01, -9.42
18400, -3.03, 1, 11.28, -1.20, -9.42
18480, -2.99, 1, 11.28, -1.05, -9.61
18560, -2.95, 1, 11.28, -1.03, -9.67
18640, -3.07, 1, 11.28, -1.55, -9.80
18719, -2.56, 1, 11.28, -1.08, -9.52
18799, -3.10, 1, 11.28, -1.55, -9.72
18879, -2.92, 1, 11.28, -1.22, -9.46
18962, -3.20, 1, 11.28, -1.39, -9.60
19041, -2.82, 1, 11.28, -0.97, -9.42
19121, -2.84, 1, 11.28, -0.78, -9.64
19201, -3.12, 1, 11.28, -0.83, -9.54
19281, -3.08, 1, 11.28, -1.02, -9.62
19360, -3.34, 1, 11.28, -1.52, -9.44
19440, -2.91, 1, 11.28, -1.26, -9.57
19524, -3.00, 1, 11.28, -0.96, -9.44
19604, -3.23, 1, 11.28, -1.24, -9.42
19684, -2.82, 1, 11.28, -1.50, -9.43
19763, -2.43, 1, 11.28, -1.93, -9.45
19843, -2.28, 1, 11.28, -1.35, -9.52
19923, -2.54, 1, 11.28, -1.95, -9.59
20005, -2.48, 1, 11.28, -2.19, -9.58
20085, -2.62, 1, 11.28, -2.48, -9.55
20165, -2.76, 1, 11.28, -2.35, -9.55
20245, -2.72, 1, 11.28, -2.33, -9.61
20325, -2.64, 1, 11.28, -2.24, -9.49
20403, -2.92, 1, 11.28, -2.46, -9.57
20483, -3.13, 1, 11.28, -1.94, -9.07
20563, -3.21, 1, 11.28, -2.08, -9.41
20643, -3.69, 1, 11.28, -2.18, -9.34
20723, -4.09, 1, 11.28, -2.44, -9.03
20802, -4.02, 1, 11.28, -2.62, -9.13
20882, -3.69, 1, 11.28, -2.29, -9.17
20961, -4.00, 1, 11.28, -2.52, -9.12
21041, -4.28, 1, 11.28, -2.64, -9.28
21123, -4.33, 1, 11.28, -2.24, -9.08
21203, -4.40, 1, 11.28, -1.97, -9.05
21282, -4.10, 1, 11.28, -1.91, -8.93
21362, -4.60, 1, 11.28, -2.04, -8.85
21442, -4.28, 1, 11.28, -2.46, -8.90
21522, -4.40, 1, 11.28, -2.42, -8.72
21600, -4.59, 1, 11.28, -2.33, -9.06
21680, -4.50, 1, 11.28, -2.60, -8.69
21760, -4.57, 1, 11.28, -2.02, -9.11
21840, -4.54, 1, 11.28, -2.32, -9.07
21920, -4.40, 1, 11.28, -2.38, -9.03
22003, -4.36, 1, 11.28, -2.20, -8.89
22083, -4.58, 1, 11.28, -2.14, -8.98
22166, -4.50, 1, 11.28, -2.24, -8.81
22246, -4.46, 1, 11.28, -2.02, -8.89
22354, -4.08, 1, 11.28, -2.40, -9.07
22433, -3.87, 1, 11.28, -2.50, -9.10
22513, -4.13, 1, 11.28, -2.47, -9.24
22594, -3.94, 1, 11.28, -2.47, -9.01
22673, -4.37, 1, 11.28, -2.32, -9.06
22752, -4.07, 1, 11.28, -2.35, -9.01
22832, -4.45, 1, 11.28, -2.29, -8.86
22912, -4.79, 1, 11.28, -2.39, -8.89
22992, -5.18, 1, 11.28, -2.44, -8.66
23072, -2.71, 1, 11.28, -2.31, -10.29
23152, -0.10, 0, 11.28, -2.00, -9.49
23231, -1.99, 1, 11.28, -2.93, -7.96
23314, -4.45, 1, 11.28, -2.82, -8.63
23393, -3.80, 1, 11.28, -2.63, -8.93
23473, -4.12, 1, 11.28, -2.62, -9.03
23553, -4.23, 1, 11.28, -2.48, -8.97
23633, -3.54, 1, 11.28, -2.28, -8.96
23712, -3.35, 1, 11.28, -2.52, -9.16
23792, -3.63, 1, 11.28, -2.34, -9.05
23872, -3.94, 1, 11.28, -2.49, -9.02
23952, -3.89, 1, 11.28, -2.49, -8.95
24031, -3.92, 1, 11.28, -2.55, -9.00
24111, -3.90, 1, 11.28, -2.61, -9.03
24191, -4.04, 1, 11.28, -2.74, -8.89
24271, -3.08, 1, 11.28, -2.44, -9.25
24358, -2.31, 1, 11.28, -2.49, -9.59
24438, -2.28, 1, 11.28, -2.58, -9.54
24517, -2.87, 1, 11.28, -2.80, -9.42
24597, -2.81, 1, 11.28, -2.62, -9.36
24677, -2.91, 1, 11.28, -2.83, -9.52
24756, -2.09, 1, 11.28, -2.59, -10.07
24836, -0.44, 0, 11.28, -2.47, -10.63
24916, 1.69, 3, 11.28, -2.00, -10.54
24996, 3.20, 3, 11.28, -2.05, -10.73
25076, 3.26, 3, 11.28, -1.85, -11.54
25156, 3.50, 3, 11.28, -2.15, -10.77
25236, 3.48, 3, 11.28, -1.79, -11.55
25316, 1.57, 3, 11.28, -2.06, -10.74
25395, 1.45, 3, 11.28, -2.39, -10.22
25478, 1.03, 3, 11.28, -2.63, -10.97
25558, 0.94, 3, 11.28, -2.30, -11.11
25638, 0.78, 3, 11.28, -2.26, -11.15
25718, 0.53, 0, 11.28, -1.90, -10.79
25798, 0.83, 3, 11.28, -2.08, -10.96
25877, 0.91, 3, 11.28, -2.47, -11.18
25957, 1.79, 3, 11.28, -1.92, -10.96
26036, 1.24, 3, 11.28, -2.38, -11.25
26116, 1.65, 3, 11.28, -2.45, -11.23
26197, 1.53, 3, 11.28, -2.57, -11.18
26277, 2.26, 3, 11.28, -1.59, -10.88
26357, 1.12, 3, 11.28, -2.22, -11.12
26436, 0.72, 0, 11.28, -2.63, -10.70
26519, 1.03, 3, 11.28, -2.37, -11.04
26599, 1.39, 3, 11.28, -2.45, -10.88
26678, 0.92, 3, 11.28, -1.92, -10.55
26762, 1.04, 3, 11.28, -1.99, -10.38
26842, 0.69, 0, 11.28, -2.52, -10.48
26921, 0.33, 0, 11.28, -1.99, -10.75
27001, 0.51, 0, 11.28, -2.31, -10.22
27081, 0.49, 0, 11.28, -2.65, -10.52
27161, 0.93, 3, 11.28, -2.65, -10.88
27241, 0.76, 3, 11.28, -2.11, -10.54
27320, 0.69, 0, 11.28, -2.32, -10.83
27400, 0.13, 0, 11.28, -2.16, -10.27
27479, -0.55, 0, 11.28, -2.88, -10.44
27559, -0.67, 0, 11.28, -2.79, -10.06
27642, -1.46, 1, 11.28, -2.80, -10.54
27722, -1.64, 1, 11.28, -2.48, -10.60
27802, -1.54, 1, 11.28, -2.50, -9.97
27882, -2.01, 1, 11.28, -3.29, -10.05
27962, -1.29, 1, 11.28, -1.90, -10.68
28041, -0.60, 0, 11.28, -2.52, -9.91
28120, -1.23, 1, 11.28, -3.06, -9.24
28200, -0.58, 0, 11.28, -2.46, -9.86
28280, -0.22, 0, 11.28, -2.03, -10.20
28360, -0.22, 0, 11.28, -3.05, -10.40
28440, 0.28, 0, 11.28, -2.72, -10.90
28520, 0.02, 0, 11.28, -2.68, -10.49
28599, -1.76, 1, 11.28, -3.76, -9.71
28681, -0.79, 1, 11.28, -1.78, -9.92
28760, -0.08, 0, 11.28, -1.85, -10.13
28840, -0.02, 0, 11.28, -2.13, -10.77
28920, -0.87, 1, 11.28, -1.85, -10.26
29000, -0.40, 0, 11.28, -1.92, -9.87
29080, -1.41, 1, 11.28, -2.79, -10.12
29163, -0.66, 0, 11.28, -1.98, -10.72
29243, -0.35, 0, 11.28, -3.12, -11.36
29321, -0.49, 0, 11.28, -2.74, -10.71
29401, 0.20, 0, 11.28, -2.38, -9.67
29481, -0.10, 0, 11.28, -2.80, -9.87
29561, -0.46, 0, 11.28, -3.63, -10.08
29641, -0.29, 0, 11.28, -3.68, -9.81
29723, 0.30, 0, 11.28, -1.88, -10.86
29803, -0.62, 0, 11.28, -2.96, -9.93
29883, -0.55, 0, 11.28, -2.10, -9.67
29961, 0.52, 0, 11.28, -3.60, -11.91
30041, -0.17, 0, 11.28, -3.01, -10.23
30121, -0.15, 0, 11.28, -2.67, -10.45
30201, -0.34, 0, 11.28, -2.72, -9.21
30280, -0.04, 0, 11.28, -2.99, -10.05
30360, -0.42, 0, 11.28, -3.28, -10.73
30440, 0.05, 0, 11.28, -3.11, -10.09
30519, -0.42, 0, 11.28, -3.85, -10.29
30599, -1.34, 1, 11.28, -2.89, -9.62
30678, 0.26, 0, 11.28, -1.15, -8.61
30761, -0.42, 0, 11.28, -4.13, -10.36
30841, 0.60, 0, 11.28, -2.64, -8.58
30920, -0.78, 1, 11.28, -3.84, -10.80
31000, 0.43, 0, 11.28, -4.38, -9.82
31080, -0.51, 0, 11.28, -3.13, -10.31
31159, -0.95, 1, 11.28, -3.29, -10.06
31239, -0.06, 0, 11.28, -4.06, -10.47
31319, -0.53, 0, 11.28, -3.78, -9.90
31399, -0.74, 0, 11.28, -2.63, -9.73
31479, -1.03, 1, 11.28, -3.28, -10.10
31559, -1.00, 1, 11.28, -3.38, -9.00
31642, -1.97, 1, 11.28, -3.39, -9.31
31722, -2.29, 1, 11.28, -3.82, -10.27
31802, -1.94, 1, 11.28, -3.47, -9.00
31884, -1.21, 1, 11.28, -3.90, -9.04
31964, -1.06, 1, 11.28, -2.98, -9.61
32044, -1.34, 1, 11.28, -5.73, -8.25
32125, -0.69, 0, 11.28, -1.81, -7.01
32204, -1.38, 1, 11.28, -4.70, -9.99
32284, -0.80, 1, 11.28, -4.31, -9.61
32364, -0.37, 0, 11.28, -4.07, -10.18
32444, -1.56, 1, 11.28, -4.89, -10.30
32523, -0.89, 1, 11.28, -3.78, -9.30
32603, -0.80, 1, 11.28, -5.29, -10.23
32683, -0.54, 0, 11.28, -4.47, -9.54
32763, -0.68, 0, 11.28, -4.88, -8.94
32843, -0.74, 0, 11.28, -4.32, -9.40
32926, -0.47, 0, 11.28, -3.81, -8.83
33005, -1.01, 1, 11.28, -4.85, -9.24
33085, -0.94, 1, 11.28, -3.31, -8.81
33164, -0.90, 1, 11.28, -4.34, -9.57
33244, -1.01, 1, 11.28, -3.27, -9.17
33324, -1.66, 1, 11.28, -4.29, -9.61
33404, -1.28, 1, 11.28, -3.05, -9.51
33484, -1.47, 1, 11.28, -3.22, -10.00
33564, -1.61, 1, 11.28, -3.64, -9.52
33644, -1.44, 1, 11.28, -4.11, -9.07
33724, 0.10, 0, 11.28, -2.96, -8.61
33803, -2.46, 1, 11.28, -3.72, -9.55
33883, -2.04, 1, 11.28, -2.25, -11.95
33963, -0.77, 1, 11.28, -3.58, -11.41
34049, -1.60, 1, 11.28, -3.55, -9.51
34129, -1.70, 1, 11.28, -3.52, -9.70
34206, -0.91, 1, 11.28, -3.20, -9.73
34285, -1.08, 1, 11.28, -3.05, -9.55
34362, -1.08, 1, 11.28, -3.64, -8.79
34442, -1.37, 1, 11.28, -3.49, -7.61
34521, -0.50, 0, 11.28, -4.96, -9.94
34601, -1.21, 1, 11.28, -2.42, -9.40
34681, -2.52, 1, 11.28, -0.13, -10.60
34761, -2.09, 1, 11.28, -3.22, -9.95
34841, -1.00, 1, 11.28, -4.35, -9.61
34921, -1.30, 1, 11.28, -4.09, -10.25
35000, -2.30, 1, 11.28, -4.75, -9.80
35084, -1.60, 1, 11.28, -1.09, -10.30
35164, -1.82, 1, 11.28, -5.49, -9.17
35244, -2.36, 1, 11.28, -0.96, -9.95
35324, -3.56, 1, 11.28, -5.34, -7.37
35404, -4.09, 1, 11.28, -4.59, -9.60
35484, -4.46, 1, 11.28, -2.98, -9.31
35564, -4.56, 1, 11.28, -3.81, -7.79
35643, -6.60, 1, 11.28, -2.83, -6.64
35722, -7.27, 1, 11.28, -3.41, -6.81
35802, -7.95, 1, 11.28, -3.25, -7.03
35882, -7.56, 1, 11.28, -0.79, -8.24
35962, -8.08, 1, 11.28, -1.91, -6.82
36042, -7.94, 1, 11.28, -5.32, -7.81
36122, -7.69, 1, 11.28, -3.36, -7.56
36200, -8.17, 1, 11.28, -4.54, -7.82
36279, -7.53, 1, 11.28, -2.01, -7.45
36358, -8.32, 1, 11.28, -3.45, -6.83
36443, -8.28, 1, 11.28, -3.62, -8.28
36523, -7.43, 1, 11.28, -2.05, -7.15
36602, -7.99, 1, 11.28, -3.67, -7.52
36682, -8.77, 1, 11.28, -2.34, -7.74
36763, -8.38, 1, 11.28, -2.25, -7.15
36843, -7.74, 1, 11.28, -2.34, -7.53
36922, -8.13, 1, 11.28, -4.06, -8.24
37001, -7.45, 1, 11.28, -4.63, -6.77
37081, -7.93, 1, 11.28, -4.36, -7.06
37161, -8.12, 1, 11.28, -4.27, -7.44
37243, -7.88, 1, 11.28, -3.54, -8.06
37323, -8.10, 1, 11.28, -3.94, -7.08
37403, -7.84, 1, 11.28, -2.02, -8.33
37483, -7.47, 1, 11.28, -2.56, -7.77
37563, -6.89, 1, 11.28, -3.11, -7.92
37641, -6.88, 1, 11.28, -3.66, -8.05
37721, -4.83, 1, 11.28, -2.97, -8.41
37801, -5.21, 1, 11.28, -2.74, -7.93
37880, -5.68, 1, 11.28, -3.38, -8.49
37960, -5.62, 1, 11.28, -4.16, -8.30
38040, -4.23, 1, 11.28, -3.04, -8.98
38119, -4.18, 1, 11.28, -3.12, -8.53
38198, -4.08, 1, 11.28, -3.54, -8.64
38281, -2.75, 1, 11.28, -1.68, -7.40
38361, -2.60, 1, 11.28, -3.20, -8.92
38440, -3.00, 1, 11.28, -2.29, -8.71
38520, -3.49, 1, 11.28, -3.13, -8.92
38599, -4.56, 1, 11.28, -4.32, -8.98
38679, -4.89, 1, 11.28, -3.21, -8.96
38758, -5.45, 1, 11.28, -3.22, -8.86
38840, -5.15, 1, 11.28, -2.69, -9.14
38920, -5.78, 1, 11.28, -3.84, -7.28
39000, -5.16, 1, 11.28, -3.12, -8.65
39079, -5.63, 1, 11.28, -2.69, -8.17
39159, -5.32, 1, 11.28, -3.31, -8.91
39239, -5.96, 1, 11.28, -3.50, -8.67
39319, -5.18, 1, 11.28, -2.85, -8.92
39401, -5.23, 1, 11.28, -3.95, -7.49
39480, -5.66, 1, 11.28, -3.16, -8.85
39560, -3.30, 1, 11.28, -2.64, -8.61
39640, -4.83, 1, 11.28, -6.00, -9.21
39719, -3.50, 1, 11.28, -2.25, -8.66
39799, -4.42, 1, 11.28, -3.75, -8.68
39879, -4.70, 1, 11.28, -2.72, -7.90
39959, -4.66, 1, 11.28, -2.27, -8.33
40039, -5.09, 1, 11.28, -2.71, -8.76
40118, -5.63, 1, 11.28, -3.58, -8.41
40198, -4.71, 1, 11.28, -3.74, -8.72
40278, -4.63, 1, 11.28, -2.46, -9.71
40357, -5.44, 1, 11.28, -4.48, -8.13
40440, -4.11, 1, 11.28, 0.81, -10.18
40520, -4.73, 1, 11.28, -3.49, -8.70
40600, -3.68, 1, 11.28, -2.34, -10.24
40680, -3.00, 1, 11.28, -1.99, -8.15
40759, -2.95, 1, 11.28, -2.24, -8.77
40839, -3.82, 1, 11.28, -3.15, -7.43
40919, -4.18, 1, 11.28, -0.45, -8.19
40999, -3.65, 1, 11.28, -1.69, -9.12
41079, -2.78, 1, 11.28, -1.16, -9.98
41159, -3.80, 1, 11.28, -3.09, -9.70
41242, -3.50, 1, 11.28, -3.55, -10.07
41322, -2.46, 1, 11.28, -1.31, -9.25
41402, -2.84, 1, 11.28, -3.06, -9.31
41481, -2.66, 1, 11.28, -1.77, -8.90
41563, -3.38, 1, 11.28, -2.82, -9.12
41643, -3.01, 1, 11.28, -2.45, -9.73
41723, -2.78, 1, 11.28, -1.65, -9.69
41803, -2.45, 1, 11.28, -2.63, -10.06
41883, -2.35, 1, 11.28, -2.25, -9.20
41963, -2.75, 1, 11.28, -2.85, -9.69
42043, -2.99, 1, 11.28, -1.94, -9.02
42122, -2.72, 1, 11.28, -2.34, -9.44
42202, -2.39, 1, 11.28, -2.76, -9.52
42281, -2.47, 1, 11.28, -2.39, -9.24
42361, -2.79, 1, 11.28, -2.93, -9.86
42441, -2.66, 1, 11.28, -2.40, -9.33
42521, -2.61, 1, 11.28, -3.13, -9.55
42604, -2.58, 1, 11.28, -2.36, -8.76
42684, -2.36, 1, 11.28, -2.70, -9.66
42763, -2.47, 1, 11.28, -2.79, -9.62
42842, -2.71, 1, 11.28, -1.51, -8.96
42922, -3.04, 1, 11.28, -3.71, -9.66
43002, -2.97, 1, 11.28, -1.40, -9.29
43082, -2.84, 1, 11.28, -2.75, -9.83
43162, -2.51, 1, 11.28, -2.02, -9.67
43242, -2.45, 1, 11.28, -3.05, -9.89
43322, -2.28, 1, 11.28, -2.55, -9.23
43401, -1.99, 1, 11.28, -3.07, -9.19
43481, -2.47, 1, 11.28, -2.73, -9.46
43561, -1.75, 1, 11.28, -3.14, -9.37
43644, -2.42, 1, 11.28, -3.21, -9.07
43727, -2.17, 1, 11.28, -2.60, -9.55
43807, -2.51, 1, 11.28, -2.81, -9.34
43887, -2.21, 1, 11.28, -2.93, -9.33
43967, -1.98, 1, 11.28, -3.11, -9.30
44047, -2.58, 1, 11.28, -3.11, -9.60
44125, -2.86, 1, 11.28, -4.10, -9.72
44205, -2.23, 1, 11.28, -2.87, -9.42
44285, -2.47, 1, 11.28, -3.36, -9.19
44365, -2.53, 1, 11.28, -3.26, -9.52
44445, -2.30, 1, 11.28, -3.17, -9.63
44525, -2.00, 1, 11.28, -2.81, -9.17
44605, -2.24, 1, 11.28, -2.58, -8.86
44684, -2.20, 1, 11.28, -3.01, -9.25
44767, -2.36, 1, 11.28, -3.82, -8.57
44846, -2.39, 1, 11.28, -3.20, -8.63
44923, -2.32, 1, 11.28, -3.27, -9.35
45003, -2.13, 1, 11.28, -3.36, -9.15
45080, -2.58, 1, 11.28, -3.17, -9.18
45160, -4.10, 1, 11.28, -4.08, -8.87
45236, -4.05, 1, 11.28, -3.23, -8.50
45315, -3.60, 1, 11.28, -3.60, -9.53
45392, -3.92, 1, 11.28, -3.13, -8.55
45472, -3.71, 1, 11.28, -3.44, -8.94
45549, -3.38, 1, 11.28, -3.44, -9.22
45629, -3.76, 1, 11.28, -3.30, -8.79
45705, -4.02, 1, 11.28, -3.60, -9.12
45785, -3.87, 1, 11.28, -3.06, -8.75
45864, -3.59, 1, 11.28, -3.20, -9.01
45944, -4.10, 1, 11.28, -3.52, -8.96
46027, -3.67, 1, 11.28, -3.27, -8.94
46107, -3.64, 1, 11.28, -3.58, -9.15
46187, -3.60, 1, 11.28, -2.87, -9.02
46267, -3.72, 1, 11.28, -3.06, -9.08
46346, -3.86, 1, 11.28, -2.65, -8.84
46426, -3.54, 1, 11.28, -2.67, -9.18
46506, -3.97, 1, 11.28, -2.86, -9.33
46586, -3.74, 1, 11.28, -2.69, -9.07
46665, -3.48, 1, 11.28, -2.58, -9.50
46745, -3.43, 1, 11.28, -2.81, -9.62
46825, -3.82, 1, 11.28, -2.40, -11.82
46907, -3.80, 1, 11.28, -2.08, -9.68
46986, -3.70, 1, 11.28, -1.09, -10.42
47066, -1.27, 1, 11.28, -1.27, -9.93
47146, 2.18, 3, 11.28, 0.44, -9.57
47226, 5.26, 3, 11.28, 2.15, -7.86
47305, 6.44, 2, 11.28, 1.33, -7.12
47385, 7.41, 2, 11.28, 1.92, -4.61
47465, 10.07, 2, 11.28, -2.02, -1.03
47544, 8.98, 2, 11.28, -1.50, -2.16
47623, 9.10, 2, 11.28, -0.03, -0.84
47703, 10.10, 2, 11.28, 1.24, -2.18
47783, 9.86, 2, 11.28, 1.37, -0.91
47863, 10.08, 2, 11.28, 1.11, -1.67
47942, 10.02, 2, 11.28, 1.07, -2.16
48025, 9.60, 2, 11.28, 2.76, 2.02
48105, 14.13, 2, 14.13, -0.74, -2.67
48184, 10.69, 2, 14.13, -0.03, -0.93
48264, 11.74, 2, 14.13, 0.87, -2.82
48344, 11.21, 2, 14.13, -0.29, -1.23
48427, 11.00, 2, 14.13, 0.21, -0.94
48507, 9.53, 2, 14.13, 0.64, -1.02
48587, 9.03, 2, 14.13, 1.32, 0.50
48666, 10.02, 2, 14.13, 0.21, -0.24
48747, 10.44, 2, 14.13, -0.23, -0.92
48827, 9.74, 2, 14.13, 0.40, 0.75
48906, 8.90, 2, 14.13, -0.22, 1.25
48985, 9.38, 2, 14.13, 0.68, 1.20
49065, 10.46, 2, 14.13, 1.07, 1.36
49148, 10.69, 2, 14.13, 2.22, 1.78
49228, 9.03, 2, 14.13, 1.15, 0.93
49307, 10.04, 2, 14.13, -0.47, 0.03
49387, 9.80, 2, 14.13, 1.66, 1.54
49467, 9.88, 2, 14.13, 1.52, 0.65
49546, 9.01, 2, 14.13, -0.78, 0.88
49626, 9.18, 2, 14.13, -3.24, 0.13
49705, 8.87, 2, 14.13, -0.66, 2.12
49785, 8.85, 2, 14.13, -1.72, 1.63
49865, 10.51, 2, 14.13, -0.24, 1.62
49945, 9.77, 2, 14.13, -2.02, 0.89
50025, 10.48, 2, 14.13, -2.98, -0.33
50104, 8.18, 2, 14.13, -3.58, -0.40
50184, 8.95, 2, 14.13, -3.10, 0.37
50267, 10.83, 2, 14.13, -2.82, 0.59
50346, 7.69, 2, 14.13, -4.44, -0.48
50426, 7.72, 2, 14.13, -4.49, -0.33
50506, 7.96, 2, 14.13, -3.88, 0.81
50584, -0.00, 0, 14.13, -0.00, -0.00
50661, -0.00, 0, 14.13, -0.00, -0.00
50738, -0.00, 0, 14.13, -0.00, -0.00
50821, 8.92, 2, 14.13, -4.34, -0.24
50901, 10.93, 2, 14.13, -3.80, -1.88
50981, 10.21, 2, 14.13, -2.49, 0.21
51061, 9.80, 2, 14.13, -2.29, -1.24
51141, 6.46, 3, 14.13, -2.58, 2.11
51221, 9.64, 2, 14.13, -4.29, 1.68
51300, 11.45, 2, 14.13, -3.36, -0.89
51382, 9.63, 2, 14.13, -4.35, -1.66
51462, 8.29, 2, 14.13, -3.30, -0.91
51542, 8.46, 2, 14.13, -3.68, -0.15
51622, 11.60, 2, 14.13, -1.35, -1.94
51702, 8.41, 2, 14.13, -1.85, -0.45
51782, 8.83, 2, 14.13, -4.23, -1.58
51862, 10.31, 2, 14.13, -3.11, -2.10
51942, 10.23, 2, 14.13, -1.67, -1.60
52020, 9.00, 2, 14.13, -3.15, -0.29
52100, 9.88, 2, 14.13, -3.15, -1.45
52180, 10.41, 2, 14.13, -2.41, -1.12
52260, 9.13, 2, 14.13, -3.42, -1.62
52340, 9.07, 2, 14.13, -3.15, -1.19
52420, 9.36, 2, 14.13, -3.08, -1.40
52503, 10.30, 2, 14.13, -3.03, -2.01
52583, 8.76, 2, 14.13, -3.56, -1.53
52661, 8.75, 2, 14.13, -3.94, -2.32
52741, 9.18, 2, 14.13, -2.57, -3.61
52821, 9.40, 2, 14.13, -2.68, -1.70
52901, 7.54, 2, 14.13, -5.02, -4.99
52981, 7.74, 2, 14.13, -5.14, -3.60
53061, 7.53, 2, 14.13, -4.26, -3.95
53141, 8.17, 2, 14.13, -3.97, -3.30
53224, 7.40, 2, 14.13, -5.88, -1.86
53303, 9.94, 2, 14.13, -4.09, -2.37
53383, 8.06, 2, 14.13, -4.46, -2.12
53463, 6.92, 3, 14.13, -6.30, -2.20
53545, 7.86, 2, 14.13, -5.27, -2.79
53625, 7.42, 2, 14.13, -5.77, -3.98
53705, 7.50, 2, 14.13, -5.96, -3.32
53785, 7.09, 2, 14.13, -5.67, -3.88
53865, 6.23, 3, 14.13, -8.14, -4.34
53944, 6.47, 3, 14.13, -6.24, -3.19
54024, 6.92, 3, 14.13, -6.18, -3.69
54103, 7.57, 2, 14.13, -6.26, -4.78
54183, 6.19, 3, 14.13, -7.33, -3.62
54263, 6.03, 3, 14.13, -6.08, -2.51
54343, 5.09, 3, 14.13, -10.03, -7.09
54423, 4.92, 3, 14.13, -7.01, -2.82
54503, 3.23, 3, 14.13, -7.80, -2.43
54582, 3.84, 3, 14.13, -8.22, -5.43
54664, 2.86, 3, 14.13, -10.46, -3.41
54744, 3.87, 3, 14.13, -7.99, -5.01
